9.99641E-05 0.0981212 9.99641E-05 0.2474 9.99641E-05 9.99641E-05 0.654079
9.9964E-05 0.0222582 9.9964E-05 9.9964E-05 9.9964E-05 0.0441059 0.933236
9.99641E-05 0.00111957 9.99641E-05 0.649565 9.99641E-05 9.99641E-05 0.348916
9.995E-05 9.995E-05 9.995E-05 9.995E-05 9.995E-05 0.9994 9.995E-05
9.9964E-05 9.9964E-05 0.264077 0.121596 0.613927 9.9964E-05 9.9964E-05
0.743918 0.101705 9.9973E-05 0.103863 9.9973E-05 9.9973E-05 0.0502142
9.9973E-05 0.019221 0.667748 0.0290556 9.9973E-05 0.283675 9.9973E-05
9.99641E-05 9.99641E-05 0.0182982 0.0510965 9.99641E-05 9.99641E-05 0.930206
0.358251 0.64125 9.99551E-05 9.99551E-05 9.99551E-05 9.99551E-05 9.99551E-05
9.9955E-05 9.9955E-05 0.9007 9.9955E-05 0.0988003 9.9955E-05 9.9955E-05
9.995E-05 9.995E-05 0.9994 9.995E-05 9.995E-05 9.995E-05 9.995E-05
0.162216 9.9955E-05 9.9955E-05 9.9955E-05 9.9955E-05 9.9955E-05 0.837284
0.069047 9.9982E-05 0.206974 0.057796 0.635017 9.9982E-05 0.0309659
9.99641E-05 9.99641E-05 0.324594 0.245359 9.99641E-05 0.429647 9.99641E-05
9.99641E-05 9.99641E-05 0.133547 0.0253821 0.840671 9.99641E-05 9.99641E-05
9.99551E-05 0.907588 9.99551E-05 0.0919123 9.99551E-05 9.99551E-05 9.99551E-05
0.212563 9.99641E-05 9.99641E-05 9.99641E-05 9.99641E-05 0.133456 0.653581
0.132785 0.475102 0.391714 9.9964E-05 9.9964E-05 9.9964E-05 9.9964E-05
0.93442 9.99551E-05 9.99551E-05 9.99551E-05 9.99551E-05 9.99551E-05 0.0650801
9.99641E-05 0.832769 9.99641E-05 9.99641E-05 0.145879 0.0209521 9.99641E-05
0.0256099 0.785274 9.9982E-05 9.9982E-05 0.094268 0.0502596 0.0443887
0.448916 0.39447 0.0920718 9.99731E-05 9.99731E-05 9.99731E-05 0.0642423
9.9973E-05 0.753662 0.0532293 0.0317214 0.161087 9.9973E-05 9.9973E-05
9.9982E-05 0.087708 0.00640367 0.00496219 0.0255591 0.875167 9.9982E-05
0.00390136 9.99551E-05 9.99551E-05 0.995599 9.99551E-05 9.99551E-05 9.99551E-05
9.9964E-05 0.10043 9.9964E-05 0.0193452 0.879825 9.9964E-05 9.9964E-05
9.99551E-05 9.99551E-05 9.99551E-05 0.0715748 9.99551E-05 0.927925 9.99551E-05
0.522973 9.99731E-05 9.99731E-05 0.0329592 0.391805 0.0519636 9.99731E-05
9.995E-05 0.00736932 9.995E-05 9.995E-05 9.995E-05 9.995E-05 0.992131
0.738582 9.99642E-05 9.99642E-05 9.99642E-05 9.99642E-05 0.072039 0.188979
9.99641E-05 9.99641E-05 0.516627 0.477867 9.99641E-05 9.99641E-05 0.0051066
9.995E-05 9.995E-05 9.995E-05 0.9994 9.995E-05 9.995E-05 9.995E-05
9.9973E-05 9.9973E-05 0.916025 0.0153247 0.055844 0.0125059 9.9973E-05
0.890373 0.000680887 9.9964E-05 0.108546 9.9964E-05 9.9964E-05 9.9964E-05
9.99586E-05 9.99586E-05 9.99586E-05 9.99586E-05 9.99586E-05 0.833462 0.166038
9.99551E-05 0.988607 9.99551E-05 0.0108936 9.99551E-05 9.99551E-05 9.99551E-05
0.745878 0.253623 9.9955E-05 9.9955E-05 9.9955E-05 9.9955E-05 9.9955E-05
0.968298 9.9964E-05 0.0283949 0.0029068 9.9964E-05 9.9964E-05 9.9964E-05
0.135086 9.99641E-05 0.778683 9.99641E-05 9.99641E-05 9.99641E-05 0.0858308
0.753362 9.99641E-05 9.99641E-05 9.99641E-05 0.0609887 0.18525 9.99641E-05
0.837665 9.995E-05 9.995E-05 9.995E-05 9.995E-05 9.995E-05 0.161835
0.276015 9.99551E-05 9.99551E-05 9.99551E-05 9.99551E-05 9.99551E-05 0.723485
9.99551E-05 0.539958 9.99551E-05 9.99551E-05 0.459542 9.99551E-05 9.99551E-05
0.0331361 9.99551E-05 9.99551E-05 0.966364 9.99551E-05 9.99551E-05 9.99551E-05
9.995E-05 9.995E-05 9.995E-05 9.995E-05 0.9994 9.995E-05 9.995E-05
9.99731E-05 9.99731E-05 0.00398278 0.00283222 9.99731E-05 0.0623814 0.930504
0.07648 0.92302 9.99551E-05 9.99551E-05 9.99551E-05 9.99551E-05 9.99551E-05
0.829175 0.170325 9.99552E-05 9.99552E-05 9.99552E-05 9.99552E-05 9.99552E-05
9.99551E-05 9.99551E-05 9.99551E-05 9.99551E-05 0.923118 9.99551E-05 0.0763827
0.148938 0.772931 0.0777315 9.99641E-05 9.99641E-05 9.99641E-05 9.99641E-05
