9.9982E-05 0.0890085 0.601336 0.158845 9.9982E-05 0.150611
9.99641E-05 0.037565 0.962035 9.99641E-05 9.99641E-05 9.99641E-05
9.99731E-05 0.0122196 0.330264 0.657216 9.99731E-05 9.99731E-05
0.13983 9.9973E-05 0.467362 9.9973E-05 9.9973E-05 0.392508
9.9973E-05 0.2269 9.9973E-05 9.9973E-05 0.506044 0.266756
0.857699 9.9973E-05 0.0235873 0.118414 9.9973E-05 9.9973E-05
9.9973E-05 9.9973E-05 9.9973E-05 0.144755 0.206133 0.648813
9.99641E-05 9.99641E-05 0.916031 0.0835694 9.99641E-05 9.99641E-05
0.678352 0.321248 9.99641E-05 9.99641E-05 9.99641E-05 9.99641E-05
9.996E-05 9.996E-05 9.996E-05 9.996E-05 0.9995 9.996E-05
9.996E-05 9.996E-05 9.996E-05 9.996E-05 0.9995 9.996E-05
0.0761101 9.99641E-05 0.92349 9.99641E-05 9.99641E-05 9.99641E-05
9.9964E-05 0.287805 9.9964E-05 9.9964E-05 9.9964E-05 0.711795
9.996E-05 9.996E-05 9.996E-05 9.996E-05 9.996E-05 0.9995
9.9964E-05 0.36857 9.9964E-05 9.9964E-05 0.63103 9.9964E-05
0.0331487 0.860103 9.99731E-05 0.106449 9.99731E-05 9.99731E-05
0.0151289 9.99731E-05 0.974964 9.99731E-05 0.00960747 9.99731E-05
0.270183 0.332384 9.9973E-05 9.9973E-05 0.397134 9.9973E-05
0.93701 9.99641E-05 0.0625899 9.99641E-05 9.99641E-05 9.99641E-05
0.0638348 0.935765 9.99641E-05 9.99641E-05 9.99641E-05 9.99641E-05
0.169895 0.828611 9.99731E-05 9.99731E-05 9.99731E-05 0.0011941
0.441054 0.309065 0.185648 9.998E-05 0.0640337 9.998E-05
9.9982E-05 0.903347 9.9982E-05 0.0307421 0.0241865 0.0415248
0.122096 0.110924 0.432674 0.0355132 0.0501347 0.248659
0.0438197 0.00511435 9.9973E-05 0.950766 9.9973E-05 9.9973E-05
9.9964E-05 0.563179 9.9964E-05 9.9964E-05 0.436421 9.9964E-05
0.0157749 9.9982E-05 0.601868 0.191577 9.9982E-05 0.190581
0.618407 9.99641E-05 9.99641E-05 9.99641E-05 9.99641E-05 0.381193
9.99642E-05 0.0521951 0.947405 9.99642E-05 9.99642E-05 9.99642E-05
0.599595 9.99641E-05 0.400005 9.99641E-05 9.99641E-05 9.99641E-05
9.9973E-05 9.9973E-05 9.9973E-05 0.563259 0.157999 0.278441
9.996E-05 9.996E-05 9.996E-05 0.9995 9.996E-05 9.996E-05
9.9964E-05 9.9964E-05 9.9964E-05 9.9964E-05 0.606721 0.392879
0.858651 9.9964E-05 9.9964E-05 0.140949 9.9964E-05 9.9964E-05
0.0110485 9.9973E-05 0.877916 0.110736 9.9973E-05 9.9973E-05
0.16577 0.83383 9.9964E-05 9.9964E-05 9.9964E-05 9.9964E-05
0.913321 0.086279 9.99641E-05 9.99641E-05 9.99641E-05 9.99641E-05
0.908341 0.0303275 0.0186292 0.00511111 0.0374912 9.9991E-05
0.0726451 9.99821E-05 0.111381 0.0767531 0.739021 9.99821E-05
0.834748 9.99731E-05 0.130474 9.99731E-05 0.0344781 9.99731E-05
0.649304 9.9964E-05 0.350296 9.9964E-05 9.9964E-05 9.9964E-05
0.118828 9.9964E-05 0.880772 9.9964E-05 9.9964E-05 9.9964E-05
0.0125905 0.986594 0.000515704 9.99731E-05 9.99731E-05 9.99731E-05
9.996E-05 9.996E-05 9.996E-05 0.9995 9.996E-05 9.996E-05
9.9964E-05 0.495657 9.9964E-05 9.9964E-05 9.9964E-05 0.503943
9.99731E-05 0.0126695 0.975826 9.99731E-05 0.0112043 9.99731E-05
0.338126 0.661474 9.9964E-05 9.9964E-05 9.9964E-05 9.9964E-05
0.833802 0.165798 9.99641E-05 9.99641E-05 9.99641E-05 9.99641E-05
9.9991E-05 0.717508 0.0536108 0.0868206 0.11753 0.0244309
0.322094 0.579817 9.99731E-05 9.99731E-05 0.0977889 9.99731E-05
