0.0868726 0.595091 0.0443247 0.266138 0.00727371 9.99731E-05 9.99731E-05 9.99731E-05
9.9946E-05 0.914796 9.9946E-05 9.9946E-05 0.0846046 9.9946E-05 9.9946E-05 9.9946E-05
9.9955E-05 0.308808 9.9955E-05 0.596648 0.094044 9.9955E-05 9.9955E-05 9.9955E-05
9.99551E-05 0.360317 9.99551E-05 0.197396 9.99551E-05 0.441787 9.99551E-05 9.99551E-05
9.9955E-05 9.9955E-05 0.65679 0.17447 9.9955E-05 9.9955E-05 0.16824 9.9955E-05
9.99551E-05 9.99551E-05 9.99551E-05 9.99551E-05 0.042799 0.951111 0.00558989 9.99551E-05
9.9964E-05 9.9964E-05 9.9964E-05 0.258603 0.0813997 9.9964E-05 0.600996 0.0586017
0.0052313 0.829226 9.99641E-05 0.102529 9.99641E-05 0.0626136 9.99641E-05 9.99641E-05
9.9955E-05 9.9955E-05 9.9955E-05 9.9955E-05 0.504895 0.159687 9.9955E-05 0.334918
9.9946E-05 9.9946E-05 0.161137 9.9946E-05 9.9946E-05 9.9946E-05 0.838263 9.9946E-05
9.994E-05 9.994E-05 9.994E-05 9.994E-05 9.994E-05 9.994E-05 0.9993 9.994E-05
0.0255364 0.800499 9.9955E-05 9.9955E-05 9.9955E-05 9.9955E-05 9.9955E-05 0.173465
9.9973E-05 9.9973E-05 0.42693 0.243487 0.0988865 0.0716906 0.158706 9.9973E-05
0.0151068 0.0650799 9.99731E-05 0.702691 9.99731E-05 9.99731E-05 0.173592 0.0432312
9.99461E-05 9.99461E-05 0.87531 9.99461E-05 9.99461E-05 9.99461E-05 0.12409 9.99461E-05
9.994E-05 9.994E-05 9.994E-05 9.994E-05 0.9993 9.994E-05 9.994E-05 9.994E-05
9.9955E-05 0.825129 9.9955E-05 9.9955E-05 9.9955E-05 9.9955E-05 0.0142713 0.1601
9.9964E-05 9.9964E-05 0.000753552 9.9964E-05 0.457998 0.161953 0.378895 9.9964E-05
0.0109768 0.00164808 9.996E-05 9.996E-05 9.996E-05 0.882652 9.996E-05 0.104323
0.9993 9.994E-05 9.994E-05 9.994E-05 9.994E-05 9.994E-05 9.994E-05 9.994E-05
0.156918 0.00442047 0.412222 9.9982E-05 0.299565 0.106832 9.9982E-05 0.0198431
0.0165766 0.198718 0.0825531 9.9982E-05 0.338189 9.9982E-05 0.00152131 0.362242
9.99551E-05 9.99551E-05 0.208601 9.99551E-05 0.750576 9.99551E-05 0.0403233 9.99551E-05
0.187965 0.361323 9.9973E-05 0.230194 9.9973E-05 9.9973E-05 0.0847696 0.135448
9.99461E-05 9.99461E-05 9.99461E-05 0.943077 9.99461E-05 0.0563236 9.99461E-05 9.99461E-05
0.0017416 9.9964E-05 0.933771 0.0568609 0.00722621 9.9964E-05 9.9964E-05 9.9964E-05
9.995E-05 0.363483 9.995E-05 0.390559 9.995E-05 9.995E-05 9.995E-05 0.245458
9.99641E-05 9.99641E-05 0.186227 0.0069787 9.99641E-05 0.65618 0.150215 9.99641E-05
9.99463E-05 0.898173 9.99463E-05 9.99463E-05 0.101228 9.99463E-05 9.99463E-05 9.99463E-05
0.0954487 0.235402 9.99642E-05 9.99642E-05 9.99642E-05 0.604 9.99642E-05 0.0647491
9.99461E-05 9.99461E-05 9.99461E-05 0.662318 9.99461E-05 9.99461E-05 0.337082 9.99461E-05
9.994E-05 9.994E-05 9.994E-05 0.9993 9.994E-05 9.994E-05 9.994E-05 9.994E-05
9.9955E-05 9.9955E-05 0.0336672 0.034421 9.9955E-05 9.9955E-05 0.931412 9.9955E-05
9.995E-05 9.995E-05 9.995E-05 0.0192469 0.097348 0.882905 9.995E-05 9.995E-05
0.00591823 0.625428 9.9973E-05 0.175288 9.9973E-05 0.180371 9.9973E-05 0.0126942
0.190353 9.99461E-05 9.99461E-05 9.99461E-05 0.809047 9.99461E-05 9.99461E-05 9.99461E-05
9.9955E-05 9.9955E-05 9.9955E-05 9.9955E-05 0.20455 0.661836 9.9955E-05 0.133115
0.0544522 9.9973E-05 9.9973E-05 9.9973E-05 0.0665514 0.571256 0.0430703 0.26437
9.99551E-05 0.108159 9.99551E-05 9.99551E-05 9.99551E-05 0.0723275 0.819014 9.99551E-05
9.994E-05 9.994E-05 9.994E-05 9.994E-05 9.994E-05 9.994E-05 9.994E-05 0.9993
9.994E-05 0.0768796 9.994E-05 9.994E-05 9.994E-05 0.922521 9.994E-05 9.994E-05
9.99461E-05 0.79907 9.99461E-05 9.99461E-05 9.99461E-05 0.20033 9.99461E-05 9.99461E-05
0.214618 9.99551E-05 0.577456 9.99551E-05 0.207426 9.99551E-05 9.99551E-05 9.99551E-05
9.994E-05 9.994E-05 9.994E-05 0.9993 9.994E-05 9.994E-05 9.994E-05 9.994E-05
9.99551E-05 9.99551E-05 0.987764 0.000292473 9.99551E-05 9.99551E-05 0.011444 9.99551E-05
9.99461E-05 0.903831 9.99461E-05 9.99461E-05 0.0955688 9.99461E-05 9.99461E-05 9.99461E-05
9.99551E-05 9.99551E-05 9.99551E-05 9.99551E-05 0.900134 0.0112853 9.99551E-05 0.0880813
9.99461E-05 9.99461E-05 9.99461E-05 9.99461E-05 0.0699694 9.99461E-05 9.99461E-05 0.929431
0.117376 0.0691118 0.813012 9.99556E-05 9.99556E-05 9.99556E-05 9.99556E-05 9.99556E-05
0.816685 9.9964E-05 9.9964E-05 9.9964E-05 9.9964E-05 0.0899403 0.0354694 0.0575058
