9.99551E-05 0.745099 9.99551E-05 0.00153916 9.99551E-05 0.0375442 9.99551E-05 0.215318 9.99551E-05
0.021665 0.952434 9.99461E-05 9.99461E-05 9.99461E-05 9.99461E-05 0.0253015 9.99461E-05 9.99461E-05
9.99461E-05 0.404021 9.99461E-05 0.032376 9.99461E-05 9.99461E-05 9.99461E-05 0.563003 9.99461E-05
9.99372E-05 9.99372E-05 9.99372E-05 9.99372E-05 9.99372E-05 9.99372E-05 0.907417 9.99372E-05 0.0918835
9.9946E-05 9.9946E-05 0.14284 9.9946E-05 9.9946E-05 0.767415 0.089145 9.9946E-05 9.9946E-05
9.99461E-05 9.99461E-05 9.99461E-05 9.99461E-05 0.158808 9.99461E-05 9.99461E-05 0.00630238 0.83429
0.118475 9.9964E-05 0.612165 9.9964E-05 0.0236266 9.9964E-05 0.125997 0.119337 9.9964E-05
9.99371E-05 0.784683 9.99371E-05 9.99371E-05 0.214617 9.99371E-05 9.99371E-05 9.99371E-05 9.99371E-05
0.539403 9.99372E-05 9.99372E-05 9.99372E-05 9.99372E-05 9.99372E-05 9.99372E-05 9.99372E-05 0.459897
9.993E-05 9.993E-05 0.793253 9.993E-05 9.993E-05 0.206048 9.993E-05 9.993E-05 9.993E-05
9.993E-05 9.993E-05 0.999201 9.993E-05 9.993E-05 9.993E-05 9.993E-05 9.993E-05 9.993E-05
9.99461E-05 0.825339 9.99461E-05 9.99461E-05 9.99461E-05 9.99461E-05 0.0418456 9.99461E-05 0.132216
0.0855166 0.0661666 9.9964E-05 9.9964E-05 0.0805277 0.713466 9.9964E-05 0.053923 9.9964E-05
9.99551E-05 9.99551E-05 0.280244 9.99551E-05 9.99551E-05 0.0413241 0.265704 0.412228 9.99551E-05
9.99372E-05 9.99372E-05 0.0708358 9.99372E-05 9.99372E-05 0.928465 9.99372E-05 9.99372E-05 9.99372E-05
0.999201 9.993E-05 9.993E-05 9.993E-05 9.993E-05 9.993E-05 9.993E-05 9.993E-05 9.993E-05
9.99551E-05 0.496186 9.99551E-05 9.99551E-05 0.00929557 9.99551E-05 0.312011 9.99551E-05 0.182008
0.497718 9.9964E-05 0.250824 9.9964E-05 0.0979565 0.0244977 9.9964E-05 9.9964E-05 0.128604
9.99371E-05 0.0237147 9.99371E-05 9.99371E-05 9.99371E-05 9.99371E-05 9.99371E-05 9.99371E-05 0.975586
0.0885681 9.99372E-05 9.99372E-05 0.910732 9.99372E-05 9.99372E-05 9.99372E-05 9.99372E-05 9.99372E-05
0.0588544 0.0383589 9.99551E-05 0.892269 9.99551E-05 9.99551E-05 9.99551E-05 0.0100179 9.99551E-05
0.441223 0.154717 9.99462E-05 9.99462E-05 9.99462E-05 9.99462E-05 9.99462E-05 9.99462E-05 0.40346
0.813807 9.9955E-05 9.9955E-05 9.9955E-05 0.0221176 0.0941846 9.9955E-05 0.069391 9.9955E-05
9.99461E-05 9.99461E-05 9.99461E-05 0.139726 0.0273914 9.99461E-05 0.832283 9.99461E-05 9.99461E-05
9.99551E-05 9.99551E-05 9.99551E-05 0.0366627 0.0252512 9.99551E-05 9.99551E-05 0.925355 0.0122315
0.18228 9.99461E-05 9.99461E-05 9.99461E-05 9.99461E-05 0.814544 9.99461E-05 0.00257577 9.99461E-05
9.993E-05 9.993E-05 9.993E-05 9.993E-05 9.993E-05 9.993E-05 0.999201 9.993E-05 9.993E-05
9.99551E-05 9.99551E-05 0.0191542 9.99551E-05 9.99551E-05 0.45785 0.039573 9.99551E-05 0.482923
9.99373E-05 0.992323 9.99373E-05 9.99373E-05 0.00697777 9.99373E-05 9.99373E-05 9.99373E-05 9.99373E-05
9.99552E-05 0.198254 0.0138852 9.99552E-05 9.99552E-05 9.99552E-05 0.0570786 9.99552E-05 0.730282
0.00966296 0.0042474 0.243206 9.99551E-05 9.99551E-05 9.99551E-05 9.99551E-05 0.742384 9.99551E-05
9.993E-05 9.993E-05 9.993E-05 9.993E-05 9.993E-05 9.993E-05 9.993E-05 0.999201 9.993E-05
9.993E-05 9.993E-05 0.999201 9.993E-05 9.993E-05 9.993E-05 9.993E-05 9.993E-05 9.993E-05
0.031039 9.99551E-05 9.99551E-05 9.99551E-05 0.0183784 9.99551E-05 9.99551E-05 0.0627616 0.887321
9.9955E-05 0.1955 9.9955E-05 9.9955E-05 0.000624066 9.9955E-05 0.71419 9.9955E-05 0.0891858
0.930798 0.0485356 9.99461E-05 0.0200665 9.99461E-05 9.99461E-05 9.99461E-05 9.99461E-05 9.99461E-05
0.0617207 9.99461E-05 9.99461E-05 0.132152 9.99461E-05 9.99461E-05 9.99461E-05 9.99461E-05 0.805527
0.0767264 9.99551E-05 0.0489744 9.99551E-05 9.99551E-05 9.99551E-05 9.99551E-05 0.00558371 0.868216
9.993E-05 9.993E-05 9.993E-05 9.993E-05 0.999201 9.993E-05 9.993E-05 9.993E-05 9.993E-05
9.99551E-05 9.99551E-05 9.99551E-05 0.0944761 9.99551E-05 0.00235823 0.17374 9.99551E-05 0.728926
9.9937E-05 0.140862 9.9937E-05 9.9937E-05 9.9937E-05 9.9937E-05 9.9937E-05 9.9937E-05 0.858438
9.9945E-05 0.879721 9.9945E-05 9.9945E-05 9.9945E-05 9.9945E-05 9.9945E-05 9.9945E-05 0.119579
9.993E-05 9.993E-05 9.993E-05 0.999201 9.993E-05 9.993E-05 9.993E-05 9.993E-05 9.993E-05
9.99371E-05 9.99371E-05 9.99371E-05 9.99371E-05 0.0568764 9.99371E-05 9.99371E-05 0.942424 9.99371E-05
9.99372E-05 9.99372E-05 9.99372E-05 0.0399624 9.99372E-05 0.959338 9.99372E-05 9.99372E-05 9.99372E-05
0.115048 0.681111 0.0128969 9.99551E-05 9.99551E-05 9.99551E-05 0.190445 9.99551E-05 9.99551E-05
0.547897 9.99551E-05 9.99551E-05 0.243739 0.0605557 9.99551E-05 9.99551E-05 9.99551E-05 0.147308
0.252357 9.99372E-05 9.99372E-05 9.99372E-05 9.99372E-05 9.99372E-05 9.99372E-05 9.99372E-05 0.746943
9.99551E-05 0.036536 9.99551E-05 0.197493 0.0353578 0.730113 9.99551E-05 9.99551E-05 9.99551E-05
9.99551E-05 9.99551E-05 0.0198852 0.818009 0.00181576 9.99551E-05 9.99551E-05 9.99551E-05 0.15979
