0.0882482 0.764425 0.147227 9.9991E-05
9.998E-05 0.9997 9.998E-05 9.998E-05
0.0169257 0.552013 0.430961 9.9991E-05
9.999E-05 0.630089 0.149728 0.220083
0.349648 9.9982E-05 0.650153 9.9982E-05
9.9991E-05 0.00874112 0.0695156 0.921643
0.0567507 9.9991E-05 0.869314 0.0738349
9.99821E-05 0.941095 0.0587046 9.99821E-05
0.285636 9.99821E-05 9.99821E-05 0.714164
0.249661 9.9982E-05 0.750139 9.9982E-05
0.0798591 9.99821E-05 0.919941 9.99821E-05
9.9982E-05 0.950317 9.9982E-05 0.0494829
0.484159 0.0761301 0.429366 0.0103457
9.99821E-05 0.174709 0.825091 9.99821E-05
0.606536 9.9982E-05 0.393264 9.9982E-05
0.847825 9.9991E-05 0.0203842 0.131691
9.9982E-05 0.887668 9.9982E-05 0.112132
0.326987 9.9991E-05 0.264428 0.408485
9.998E-05 9.998E-05 9.998E-05 0.9997
0.906813 9.9982E-05 9.9982E-05 0.0929868
0.785165 0.101604 9.9991E-05 0.11313
0.370568 0.0350058 9.9991E-05 0.594326
0.766026 9.9991E-05 0.0620795 0.171794
0.0894239 0.409354 0.277479 0.223743
9.9991E-05 0.00563029 0.834351 0.159919
0.870066 9.9982E-05 0.129734 9.9982E-05
9.9991E-05 0.703165 0.258156 0.0385797
0.208033 9.9991E-05 0.22893 0.562937
9.998E-05 0.9997 9.998E-05 9.998E-05
9.99821E-05 0.328575 9.99821E-05 0.671225
9.998E-05 9.998E-05 0.9997 9.998E-05
9.998E-05 9.998E-05 0.9997 9.998E-05
0.0354599 9.9982E-05 0.96434 9.9982E-05
9.9982E-05 9.9982E-05 0.0320676 0.967732
9.9991E-05 0.834099 0.0264165 0.139384
0.722566 9.9982E-05 9.9982E-05 0.277234
0.103354 9.9982E-05 9.9982E-05 0.896446
0.0272855 9.9991E-05 0.0151254 0.957489
0.0211176 0.00775825 0.740695 0.230429
0.019813 0.131414 9.9991E-05 0.848673
9.9982E-05 0.204335 9.9982E-05 0.795465
9.9982E-05 0.891254 9.9982E-05 0.108546
0.993683 9.9982E-05 9.9982E-05 0.00611703
9.9982E-05 0.0879758 0.911824 9.9982E-05
0.748793 9.9982E-05 0.251007 9.9982E-05
0.0483584 0.951442 9.9982E-05 9.9982E-05
0.586768 9.9982E-05 9.9982E-05 0.413032
0.211889 9.99821E-05 9.99821E-05 0.787911
0.731585 0.0655435 0.202772 9.9991E-05
0.647599 9.9982E-05 9.9982E-05 0.352201
