0.107262 0.133729 0.758909 9.9991E-05
0.0489827 9.9982E-05 0.950817 9.9982E-05
9.9982E-05 0.52048 0.47932 9.9982E-05
9.999E-05 0.108049 0.711004 0.180847
0.470996 0.528804 9.9982E-05 9.9982E-05
9.9991E-05 0.065401 0.036805 0.897694
0.0220776 0.879681 9.9991E-05 0.0981414
9.99821E-05 0.0525148 0.947285 9.99821E-05
0.157559 9.99821E-05 9.99821E-05 0.842241
0.365754 0.634046 9.9982E-05 9.9982E-05
0.0288325 0.970968 9.99821E-05 9.99821E-05
9.9982E-05 9.9982E-05 0.900879 0.0989214
0.54883 0.383182 0.0446181 0.0233703
9.999E-05 0.89238 0.0676549 0.0398651
0.761732 0.238068 9.9982E-05 9.9982E-05
0.680516 0.0173146 9.9991E-05 0.302069
9.9991E-05 0.0180876 0.966563 0.0152498
0.415542 0.242247 9.9991E-05 0.342111
9.9982E-05 9.9982E-05 0.0445354 0.955265
0.772764 9.99821E-05 9.99821E-05 0.227036
0.647039 9.9991E-05 0.0369419 0.315919
0.278282 9.9991E-05 0.128239 0.593379
0.87357 9.9982E-05 9.9982E-05 0.12623
0.101371 0.289554 0.379787 0.229288
9.9991E-05 0.853931 0.0556882 0.0902813
0.848897 0.150903 9.9982E-05 9.9982E-05
9.9991E-05 0.252692 0.739427 0.00778077
0.0706872 0.266367 9.9991E-05 0.662846
0.0573415 9.99821E-05 0.942459 9.99821E-05
9.99821E-05 9.99821E-05 0.387588 0.612212
9.998E-05 0.9997 9.998E-05 9.998E-05
9.998E-05 0.9997 9.998E-05 9.998E-05
0.167175 0.832625 9.9982E-05 9.9982E-05
9.9982E-05 0.0847607 9.9982E-05 0.915039
9.9991E-05 0.0453383 0.920213 0.0343486
0.635524 9.9982E-05 9.9982E-05 0.364276
0.0822787 9.9982E-05 9.9982E-05 0.917521
9.9982E-05 0.0455857 9.9982E-05 0.954214
0.0863817 0.767115 0.0209805 0.125523
9.99821E-05 9.99821E-05 0.108718 0.891082
9.9982E-05 9.9982E-05 0.260668 0.739132
9.9982E-05 9.9982E-05 0.892664 0.107136
0.9186 9.9991E-05 0.0064102 0.0748896
9.9982E-05 0.919956 0.0798442 9.9982E-05
0.82234 0.17746 9.9982E-05 9.9982E-05
9.998E-05 9.998E-05 0.9997 9.998E-05
0.530929 9.9982E-05 9.9982E-05 0.468871
0.0291171 9.99821E-05 9.99821E-05 0.970683
0.861691 0.00844028 0.129769 9.9991E-05
0.527365 9.9982E-05 9.9982E-05 0.472435
