0.173162 9.9991E-05 0.776998 0.0497403
9.9982E-05 9.9982E-05 0.983455 0.0163452
0.5429 0.0298641 0.427136 9.9991E-05
0.152803 0.218768 0.628329 9.9991E-05
0.503462 9.9982E-05 9.9982E-05 0.496338
0.0935124 0.906288 9.9982E-05 9.9982E-05
0.847604 0.0889277 9.9991E-05 0.063368
0.0370256 9.99821E-05 0.962774 9.99821E-05
9.99821E-05 0.85664 9.99821E-05 0.14316
0.702207 9.9982E-05 9.9982E-05 0.297593
0.905144 9.99821E-05 9.99821E-05 0.0946557
9.9982E-05 0.0561109 0.943689 9.9982E-05
0.421209 0.112069 9.9991E-05 0.466622
0.886305 0.0601084 0.0534866 9.9991E-05
0.383914 9.9982E-05 9.9982E-05 0.615886
0.0838866 0.233939 9.9991E-05 0.682075
9.9982E-05 0.0255025 0.974298 9.9982E-05
0.229618 0.352029 9.9991E-05 0.418253
9.9982E-05 0.978617 0.0211825 9.9982E-05
9.9991E-05 0.176473 0.00571547 0.817712
9.9982E-05 0.335083 9.9982E-05 0.664718
9.9991E-05 0.577394 0.111829 0.310678
0.0561582 0.124791 9.9991E-05 0.818951
0.320552 0.310921 0.333334 0.0351933
0.85417 0.082066 0.0636641 9.9991E-05
0.209288 9.9982E-05 9.9982E-05 0.790512
0.277155 0.0571373 0.665608 9.9991E-05
0.229988 0.48323 0.0633855 0.223397
9.99821E-05 9.99821E-05 0.999402 0.000398268
9.99821E-05 0.681389 0.318411 9.99821E-05
0.9997 9.998E-05 9.998E-05 9.998E-05
0.9997 9.998E-05 9.998E-05 9.998E-05
0.926894 9.9982E-05 9.9982E-05 0.0729057
0.0576076 0.942192 9.9982E-05 9.9982E-05
0.0850611 0.0680702 0.846769 9.9991E-05
9.9982E-05 0.3711 9.9982E-05 0.6287
9.9982E-05 0.90415 9.9982E-05 0.0956497
0.0503055 0.949495 9.9982E-05 9.9982E-05
0.561563 9.9991E-05 0.234147 0.20419
9.99821E-05 0.843042 0.156758 9.99821E-05
9.9982E-05 0.684825 0.314976 9.9982E-05
9.9982E-05 0.0627613 0.937039 9.9982E-05
9.9982E-05 9.9982E-05 0.0619523 0.937848
0.842639 9.9982E-05 0.157161 9.9982E-05
0.213926 9.9982E-05 9.9982E-05 0.785875
9.9982E-05 9.9982E-05 0.97351 0.0262905
9.9982E-05 0.44241 9.9982E-05 0.557391
9.99821E-05 0.896325 9.99821E-05 0.103475
9.99821E-05 9.99821E-05 0.182278 0.817522
9.9982E-05 0.421837 9.9982E-05 0.577963
