0.0166065 0.638103 0.34529
9.999E-05 0.96183 0.0380697
9.999E-05 0.445367 0.554533
9.999E-05 0.838482 0.161418
0.237913 9.9991E-05 0.761987
0.453132 0.546768 9.9991E-05
0.0210202 0.0860349 0.892945
9.999E-05 0.915766 0.0841344
0.875951 0.123949 9.9991E-05
0.0921409 9.9991E-05 0.907759
9.999E-05 9.999E-05 0.9998
9.999E-05 0.9998 9.999E-05
0.376903 0.0323996 0.590697
9.9991E-05 0.157651 0.842249
0.415411 9.9991E-05 0.584489
0.908366 9.9991E-05 0.0915336
9.9991E-05 0.983018 0.016882
0.525726 0.117246 0.357029
0.26184 0.73806 9.9991E-05
0.975017 9.9991E-05 0.0248826
0.937969 0.0392877 0.0227434
0.68574 0.31416 9.9991E-05
0.803597 9.9991E-05 0.196303
0.165535 0.535687 0.298779
9.9991E-05 0.172486 0.827414
0.577797 9.9991E-05 0.422103
9.9991E-05 0.738896 0.261004
0.469173 0.379528 0.151299
9.99911E-05 0.976837 0.0230629
0.254478 0.745422 9.9991E-05
9.9991E-05 0.014472 0.985428
9.999E-05 9.999E-05 0.9998
9.999E-05 9.999E-05 0.9998
0.453564 0.546336 9.9991E-05
9.9991E-05 0.879208 0.120692
0.9998 9.999E-05 9.999E-05
0.535878 0.464022 9.9991E-05
0.494621 0.505279 9.9991E-05
0.094952 0.201732 0.703316
0.395348 0.604552 9.9991E-05
0.152962 0.846938 9.9991E-05
9.999E-05 0.9998 9.999E-05
0.9998 9.999E-05 9.999E-05
9.9991E-05 0.130377 0.869523
0.487658 9.9991E-05 0.512242
9.9991E-05 0.981494 0.0184062
0.9998 9.999E-05 9.999E-05
0.677397 0.322503 9.9991E-05
0.612485 9.9991E-05 0.387415
0.842851 0.143037 0.0141117
