9.9982E-05 0.308447 0.0461532 0.635677 9.9982E-05 0.0095227
9.9964E-05 9.9964E-05 0.056981 0.942619 9.9964E-05 9.9964E-05
9.9973E-05 0.500257 0.0311663 0.468277 9.9973E-05 9.9973E-05
0.109148 0.184633 9.99821E-05 0.413265 0.292754 9.99821E-05
0.252382 0.161451 9.9973E-05 9.9973E-05 9.9973E-05 0.585867
9.9982E-05 0.0461715 0.117538 0.070137 0.765953 9.9982E-05
0.371476 0.503259 0.124965 9.9973E-05 9.9973E-05 9.9973E-05
0.0352143 0.0226626 9.99731E-05 0.941823 9.99731E-05 9.99731E-05
9.99641E-05 9.99641E-05 0.677863 9.99641E-05 0.321737 9.99641E-05
0.780732 9.9964E-05 9.9964E-05 9.9964E-05 9.9964E-05 0.218868
0.9995 9.996E-05 9.996E-05 9.996E-05 9.996E-05 9.996E-05
9.9973E-05 9.9973E-05 9.9973E-05 0.864727 0.132707 0.00226647
0.0737235 0.298035 0.131349 9.9991E-05 0.0500531 0.446739
0.00997845 0.90915 9.99821E-05 9.99821E-05 0.0379252 0.0427468
0.321903 9.9964E-05 9.9964E-05 9.9964E-05 9.9964E-05 0.677697
0.0105801 0.0228551 0.966265 9.99731E-05 9.99731E-05 9.99731E-05
9.9973E-05 0.050954 9.9973E-05 0.74948 0.199266 9.9973E-05
0.458688 9.9973E-05 0.386691 9.9973E-05 0.154322 9.9973E-05
9.996E-05 9.996E-05 9.996E-05 0.00244259 0.997158 9.996E-05
9.99641E-05 9.99641E-05 0.749089 9.99641E-05 9.99641E-05 0.250512
9.9982E-05 9.9982E-05 0.615134 0.0328979 0.0913635 0.260404
9.99821E-05 9.99821E-05 0.519522 0.0891149 0.387461 0.00370189
0.0538001 0.0374376 0.65149 9.9982E-05 9.9982E-05 0.257073
9.9991E-05 0.268965 0.124714 0.447382 0.123306 0.0355327
9.99641E-05 0.900187 9.99641E-05 9.99641E-05 0.0994127 9.99641E-05
9.9964E-05 0.0963598 9.9964E-05 9.9964E-05 9.9964E-05 0.90324
9.99731E-05 0.35536 9.99731E-05 0.479751 0.164589 9.99731E-05
9.99821E-05 0.202154 0.0989996 9.99821E-05 0.525576 0.173071
0.0222087 9.99731E-05 0.0542431 0.923248 9.99731E-05 9.99731E-05
0.00230469 9.99731E-05 9.99731E-05 0.234847 0.762548 9.99731E-05
0.240753 0.758847 9.99641E-05 9.99641E-05 9.99641E-05 9.99641E-05
9.996E-05 0.9995 9.996E-05 9.996E-05 9.996E-05 9.996E-05
0.440093 0.452918 9.9973E-05 9.9973E-05 9.9973E-05 0.106689
9.9973E-05 0.0548618 0.212246 9.9973E-05 0.732592 9.9973E-05
9.9973E-05 0.0723304 9.9973E-05 0.677477 0.249893 9.9973E-05
9.996E-05 9.996E-05 0.9995 9.996E-05 9.996E-05 9.996E-05
9.9964E-05 9.9964E-05 0.340633 9.9964E-05 0.658967 9.9964E-05
0.0313643 9.9973E-05 0.1053 9.9973E-05 0.863036 9.9973E-05
0.800207 9.99641E-05 9.99641E-05 0.199393 9.99641E-05 9.99641E-05
0.0622526 9.99731E-05 9.99731E-05 9.99731E-05 0.908939 0.0285088
9.996E-05 9.996E-05 9.996E-05 0.114368 0.885232 9.996E-05
9.9964E-05 9.9964E-05 9.9964E-05 0.786577 0.213023 9.9964E-05
9.99641E-05 9.99641E-05 0.379065 9.99641E-05 9.99641E-05 0.620535
9.99641E-05 0.996011 9.99641E-05 0.00358908 9.99641E-05 9.99641E-05
9.996E-05 9.996E-05 9.996E-05 9.996E-05 9.996E-05 0.9995
9.99641E-05 9.99641E-05 0.0733924 0.926208 9.99641E-05 9.99641E-05
9.9964E-05 9.9964E-05 0.945973 9.9964E-05 0.0536269 9.9964E-05
9.99731E-05 9.99731E-05 0.201806 9.99731E-05 0.784259 0.013635
9.99731E-05 9.99731E-05 9.99731E-05 0.072111 0.0458974 0.881692
0.0721247 9.9982E-05 0.54372 9.9982E-05 0.287067 0.0968884
