9.99551E-05 0.0566716 9.99551E-05 9.99551E-05 0.791698 9.99551E-05 9.99551E-05 0.15113
9.9955E-05 9.9955E-05 0.0154006 9.9955E-05 0.934638 0.0494614 9.9955E-05 9.9955E-05
9.9973E-05 9.9973E-05 0.0306673 0.0231046 0.327678 0.00864484 9.9973E-05 0.609605
9.9955E-05 0.381909 0.118516 9.9955E-05 9.9955E-05 0.499075 9.9955E-05 9.9955E-05
0.00283692 9.9955E-05 9.9955E-05 9.9955E-05 9.9955E-05 9.9955E-05 0.890955 0.105708
9.9955E-05 9.9955E-05 0.85401 9.9955E-05 0.066655 9.9955E-05 9.9955E-05 0.0788353
0.638887 0.193809 9.9964E-05 0.0981744 9.9964E-05 9.9964E-05 9.9964E-05 0.0687303
9.99551E-05 9.99551E-05 9.99551E-05 9.99551E-05 0.0822594 0.854032 9.99551E-05 0.0632088
9.99462E-05 9.99462E-05 0.544033 0.455367 9.99462E-05 9.99462E-05 9.99462E-05 9.99462E-05
0.58212 9.99461E-05 9.99461E-05 9.99461E-05 9.99461E-05 9.99461E-05 0.41728 9.99461E-05
0.9993 9.994E-05 9.994E-05 9.994E-05 9.994E-05 9.994E-05 9.994E-05 9.994E-05
9.99551E-05 9.99551E-05 0.016159 9.99551E-05 0.197859 0.785482 9.99551E-05 9.99551E-05
0.0139447 0.496477 9.9964E-05 0.147828 9.9964E-05 9.9964E-05 0.341351 9.9964E-05
9.994E-05 0.9993 9.994E-05 9.994E-05 9.994E-05 9.994E-05 9.994E-05 9.994E-05
9.994E-05 9.994E-05 9.994E-05 9.994E-05 9.994E-05 9.994E-05 0.9993 9.994E-05
0.0521638 9.99551E-05 9.99551E-05 0.898811 9.99551E-05 9.99551E-05 9.99551E-05 0.0485257
9.994E-05 9.994E-05 9.994E-05 9.994E-05 9.994E-05 0.9993 9.994E-05 9.994E-05
0.479387 9.99549E-05 0.168611 0.351502 9.99549E-05 9.99549E-05 9.99549E-05 9.99549E-05
9.9955E-05 9.9955E-05 0.932889 9.9955E-05 0.0176292 0.0489823 9.9955E-05 9.9955E-05
9.994E-05 9.994E-05 9.994E-05 0.9993 9.994E-05 9.994E-05 9.994E-05 9.994E-05
9.995E-05 9.995E-05 9.995E-05 0.844093 9.995E-05 0.080535 0.074872 9.995E-05
9.99551E-05 9.99551E-05 0.228314 0.531406 9.99551E-05 0.23978 9.99551E-05 9.99551E-05
0.0918766 9.9973E-05 9.9973E-05 0.806431 9.9973E-05 0.0144193 0.0868553 0.000117925
0.0227482 0.0359524 0.0204511 0.153838 9.9991E-05 0.54992 0.133373 0.083618
9.99461E-05 9.99461E-05 0.0582723 9.99461E-05 9.99461E-05 9.99461E-05 9.99461E-05 0.941128
9.9946E-05 9.9946E-05 9.9946E-05 0.0978391 9.9946E-05 9.9946E-05 0.901561 9.9946E-05
9.9955E-05 0.515114 9.9955E-05 9.9955E-05 0.0821906 0.402196 9.9955E-05 9.9955E-05
9.99551E-05 0.602183 0.362078 0.0352401 9.99551E-05 9.99551E-05 9.99551E-05 9.99551E-05
9.994E-05 9.994E-05 9.994E-05 9.994E-05 0.9993 9.994E-05 9.994E-05 9.994E-05
9.99552E-05 0.183192 0.516053 9.99552E-05 9.99552E-05 0.300255 9.99552E-05 9.99552E-05
0.235481 9.99461E-05 9.99461E-05 9.99461E-05 9.99461E-05 9.99461E-05 9.99461E-05 0.763919
9.99461E-05 9.99461E-05 9.99461E-05 9.99461E-05 9.99461E-05 9.99461E-05 0.00337689 0.996023
0.652466 0.195876 9.9955E-05 9.9955E-05 9.9955E-05 9.9955E-05 0.151158 9.9955E-05
0.0101682 9.99551E-05 0.877387 9.99551E-05 9.99551E-05 9.99551E-05 9.99551E-05 0.111945
9.99551E-05 0.0354992 9.99551E-05 9.99551E-05 9.99551E-05 0.918653 9.99551E-05 0.0453479
9.99551E-05 9.99551E-05 0.0114516 0.975587 9.99551E-05 9.99551E-05 9.99551E-05 0.0124613
9.9955E-05 9.9955E-05 0.683077 0.252531 0.0638925 9.9955E-05 9.9955E-05 9.9955E-05
0.0605317 9.99551E-05 0.892771 9.99551E-05 0.0461973 9.99551E-05 9.99551E-05 9.99551E-05
0.819873 9.99641E-05 0.0838958 9.99641E-05 0.00701868 0.0888128 9.99641E-05 9.99641E-05
9.99551E-05 9.99551E-05 0.732477 9.99551E-05 9.99551E-05 0.208079 0.0589444 9.99551E-05
9.9946E-05 9.9946E-05 0.751342 9.9946E-05 9.9946E-05 0.248058 9.9946E-05 9.9946E-05
9.994E-05 9.994E-05 9.994E-05 9.994E-05 9.994E-05 0.9993 9.994E-05 9.994E-05
9.99552E-05 9.99552E-05 9.99552E-05 0.646626 0.010443 9.99552E-05 0.342431 9.99552E-05
9.9946E-05 0.159208 9.9946E-05 9.9946E-05 9.9946E-05 9.9946E-05 9.9946E-05 0.840192
9.99551E-05 0.0494417 9.99551E-05 0.0998418 9.99551E-05 9.99551E-05 0.850217 9.99551E-05
9.99462E-05 9.99462E-05 9.99462E-05 9.99462E-05 0.087632 0.911768 9.99462E-05 9.99462E-05
9.99551E-05 9.99551E-05 0.176806 0.777013 0.0456811 9.99551E-05 9.99551E-05 9.99551E-05
9.99552E-05 9.99552E-05 0.853412 0.142354 9.99552E-05 9.99552E-05 0.00373465 9.99552E-05
9.99641E-05 9.99641E-05 9.99641E-05 0.221137 0.0109773 0.0918654 0.675621 9.99641E-05
0.000807704 9.99641E-05 0.119623 0.767716 9.99641E-05 0.111454 9.99641E-05 9.99641E-05
