9.99551E-05 0.0583884 9.99551E-05 9.99551E-05 0.0026328 9.99551E-05 0.741622 9.99551E-05 0.196857
9.9937E-05 9.9937E-05 9.9937E-05 9.9937E-05 9.9937E-05 9.9937E-05 0.977151 0.0221491 9.9937E-05
9.99461E-05 0.036274 9.99461E-05 9.99461E-05 9.99461E-05 9.99461E-05 0.365701 9.99461E-05 0.597426
0.0123904 9.99731E-05 0.829326 0.0938945 9.99731E-05 0.0449376 9.99731E-05 0.00622896 0.0129222
9.994E-05 9.994E-05 9.994E-05 9.994E-05 0.747381 0.175611 9.994E-05 9.994E-05 0.0764086
9.99461E-05 9.99461E-05 9.99461E-05 0.843746 9.99461E-05 9.99461E-05 0.076854 9.99461E-05 0.0788005
9.9937E-05 9.9937E-05 9.9937E-05 0.0235791 9.9937E-05 0.975721 9.9937E-05 9.9937E-05 9.9937E-05
0.0261093 9.99551E-05 0.0304469 9.99551E-05 9.99551E-05 9.99551E-05 0.880775 9.99551E-05 0.0621688
9.99461E-05 0.438988 9.99461E-05 0.546942 9.99461E-05 9.99461E-05 9.99461E-05 0.0134705 9.99461E-05
0.150185 9.9946E-05 9.9946E-05 9.9946E-05 0.425172 0.424044 9.9946E-05 9.9946E-05 9.9946E-05
0.999201 9.993E-05 9.993E-05 9.993E-05 9.993E-05 9.993E-05 9.993E-05 9.993E-05 9.993E-05
9.99461E-05 9.99461E-05 0.349383 0.119033 9.99461E-05 9.99461E-05 0.530984 9.99461E-05 9.99461E-05
9.993E-05 9.993E-05 9.993E-05 9.993E-05 9.993E-05 9.993E-05 9.993E-05 0.999201 9.993E-05
9.99551E-05 9.99551E-05 0.0530011 9.99551E-05 9.99551E-05 0.57327 0.0779767 9.99551E-05 0.295252
0.00115779 9.99371E-05 9.99371E-05 9.99371E-05 0.998143 9.99371E-05 9.99371E-05 9.99371E-05 9.99371E-05
9.99372E-05 0.880738 9.99372E-05 9.99372E-05 9.99372E-05 9.99372E-05 9.99372E-05 9.99372E-05 0.118563
9.9946E-05 9.9946E-05 0.858961 9.9946E-05 9.9946E-05 9.9946E-05 0.118352 0.022088 9.9946E-05
0.0165734 0.0309363 9.99551E-05 0.119959 9.99551E-05 9.99551E-05 9.99551E-05 0.832032 9.99551E-05
9.9937E-05 9.9937E-05 9.9937E-05 0.880186 9.9937E-05 9.9937E-05 0.119114 9.9937E-05 9.9937E-05
9.99372E-05 0.908971 9.99372E-05 9.99372E-05 0.0903299 9.99372E-05 9.99372E-05 9.99372E-05 9.99372E-05
9.9982E-05 0.841279 0.0194872 0.0164333 0.0305783 0.0181197 0.0498614 0.0240416 9.9982E-05
9.99551E-05 0.484978 0.371697 0.108508 9.99551E-05 9.99551E-05 9.99551E-05 0.0343171 9.99551E-05
0.0437977 0.739608 9.9973E-05 9.9973E-05 0.0581249 0.0245443 9.9973E-05 0.0897562 0.0438691
0.0610046 0.16668 0.588689 9.9955E-05 9.9955E-05 0.183127 9.9955E-05 9.9955E-05 9.9955E-05
9.99461E-05 9.99461E-05 9.99461E-05 0.000727047 9.99461E-05 9.99461E-05 9.99461E-05 0.0123246 0.986349
9.9955E-05 0.121191 9.9955E-05 9.9955E-05 0.834402 9.9955E-05 9.9955E-05 0.0283903 0.0155171
9.99372E-05 9.99372E-05 0.794233 9.99372E-05 9.99372E-05 9.99372E-05 9.99372E-05 9.99372E-05 0.205067
9.99551E-05 0.0820214 0.137701 0.472292 9.99551E-05 0.307486 9.99551E-05 9.99551E-05 9.99551E-05
9.993E-05 9.993E-05 9.993E-05 9.993E-05 9.993E-05 9.993E-05 0.999201 9.993E-05 9.993E-05
9.99462E-05 0.0567574 0.479824 0.462819 9.99462E-05 9.99462E-05 9.99462E-05 9.99462E-05 9.99462E-05
0.105043 9.99461E-05 9.99461E-05 9.99461E-05 9.99461E-05 0.365937 9.99461E-05 9.99461E-05 0.528421
9.99371E-05 9.99371E-05 9.99371E-05 9.99371E-05 9.99371E-05 0.040183 9.99371E-05 9.99371E-05 0.959117
9.9937E-05 9.9937E-05 9.9937E-05 9.9937E-05 0.0078949 0.991406 9.9937E-05 9.9937E-05 9.9937E-05
9.99551E-05 9.99551E-05 0.0309197 0.8433 9.99551E-05 9.99551E-05 9.99551E-05 0.0206129 0.104668
9.993E-05 9.993E-05 0.999201 9.993E-05 9.993E-05 9.993E-05 9.993E-05 9.993E-05 9.993E-05
9.99492E-05 0.932539 9.99492E-05 0.0616183 9.99492E-05 9.99492E-05 9.99492E-05 9.99492E-05 0.00524288
9.99551E-05 0.101408 9.99551E-05 0.808443 9.99551E-05 9.99551E-05 0.0797042 0.00994533 9.99551E-05
0.0479739 9.9964E-05 9.9964E-05 0.842193 9.9964E-05 9.9964E-05 0.00537343 0.0644899 0.0395699
0.879917 9.99461E-05 9.99461E-05 0.0465805 9.99461E-05 9.99461E-05 0.0729031 9.99461E-05 9.99461E-05
9.99461E-05 9.99461E-05 0.187013 0.78543 0.0269567 9.99461E-05 9.99461E-05 9.99461E-05 9.99461E-05
9.99371E-05 9.99371E-05 0.327443 0.671857 9.99371E-05 9.99371E-05 9.99371E-05 9.99371E-05 9.99371E-05
9.99461E-05 9.99461E-05 0.732426 0.019626 9.99461E-05 9.99461E-05 0.247348 9.99461E-05 9.99461E-05
9.99372E-05 0.778644 9.99372E-05 9.99372E-05 0.220657 9.99372E-05 9.99372E-05 9.99372E-05 9.99372E-05
9.99461E-05 9.99461E-05 9.99461E-05 9.99461E-05 9.99461E-05 9.99461E-05 0.0235375 0.000158076 0.975705
9.99461E-05 0.0762959 9.99461E-05 9.99461E-05 0.772106 0.150999 9.99461E-05 9.99461E-05 9.99461E-05
9.99461E-05 0.00654528 0.552788 9.99461E-05 9.99461E-05 9.99461E-05 0.440067 9.99461E-05 9.99461E-05
0.0104691 0.795719 9.9946E-05 0.193213 9.9946E-05 9.9946E-05 9.9946E-05 9.9946E-05 9.9946E-05
9.99462E-05 0.00992966 9.99462E-05 0.879386 0.110084 9.99462E-05 9.99462E-05 9.99462E-05 9.99462E-05
0.0247595 0.0473947 0.00313513 0.00538267 0.835647 9.99731E-05 0.0833815 9.99731E-05 9.99731E-05
0.0454524 0.495912 9.99641E-05 0.319661 0.133419 0.00515479 9.99641E-05 9.99641E-05 9.99641E-05
