9.9964E-05 0.165277 0.0355653 9.9964E-05 9.9964E-05 0.773993 0.0247643 9.9964E-05
0.0195115 9.9955E-05 9.9955E-05 0.0289455 9.9955E-05 0.951043 9.9955E-05 9.9955E-05
9.99461E-05 0.619024 9.99461E-05 9.99461E-05 9.99461E-05 0.380377 9.99461E-05 9.99461E-05
9.99462E-05 9.99462E-05 9.99462E-05 0.896242 0.103159 9.99462E-05 9.99462E-05 9.99462E-05
9.9964E-05 0.0816465 0.856272 0.0497899 9.9964E-05 9.9964E-05 9.9964E-05 0.0118917
9.99551E-05 0.101671 9.99551E-05 9.99551E-05 0.873659 0.0241701 9.99551E-05 9.99551E-05
9.9964E-05 0.0538958 9.9964E-05 0.171961 9.9964E-05 9.9964E-05 0.0798516 0.693892
9.99551E-05 0.100876 9.99551E-05 0.0260094 9.99551E-05 0.872615 9.99551E-05 9.99551E-05
9.99461E-05 9.99461E-05 9.99461E-05 9.99461E-05 0.339116 9.99461E-05 0.660284 9.99461E-05
9.9946E-05 9.9946E-05 0.318404 9.9946E-05 9.9946E-05 9.9946E-05 9.9946E-05 0.680996
9.994E-05 9.994E-05 9.994E-05 9.994E-05 9.994E-05 9.994E-05 9.994E-05 0.9993
9.99551E-05 9.99551E-05 9.99551E-05 0.215124 0.132653 0.651723 9.99551E-05 9.99551E-05
9.9973E-05 0.0290241 0.242161 0.0611137 9.9973E-05 9.9973E-05 0.410434 0.256968
9.99551E-05 0.181957 9.99551E-05 0.273934 9.99551E-05 9.99551E-05 9.99551E-05 0.543609
9.99462E-05 9.99462E-05 0.983356 9.99462E-05 9.99462E-05 9.99462E-05 9.99462E-05 0.0160447
9.994E-05 9.994E-05 9.994E-05 9.994E-05 9.994E-05 9.994E-05 0.9993 9.994E-05
9.99551E-05 9.99551E-05 9.99551E-05 0.491269 0.116791 0.39144 9.99551E-05 9.99551E-05
9.9964E-05 9.9964E-05 0.116496 9.9964E-05 0.204868 9.9964E-05 0.390024 0.288213
9.99461E-05 9.99461E-05 9.99461E-05 9.99461E-05 0.974278 0.0251224 9.99461E-05 9.99461E-05
0.9993 9.994E-05 9.994E-05 9.994E-05 9.994E-05 9.994E-05 9.994E-05 9.994E-05
0.435626 9.99551E-05 9.99551E-05 0.0446638 9.99551E-05 9.99551E-05 0.51921 9.99551E-05
9.99551E-05 9.99551E-05 9.99551E-05 9.99551E-05 0.23511 0.168734 0.595656 9.99551E-05
9.9964E-05 9.9964E-05 0.129361 0.00261148 9.9964E-05 9.9964E-05 0.859016 0.00861212
0.0799767 9.9964E-05 9.9964E-05 0.831952 9.9964E-05 9.9964E-05 0.052931 0.0347404
9.99551E-05 0.946378 9.99551E-05 0.0124763 0.0406459 9.99551E-05 9.99551E-05 9.99551E-05
9.99551E-05 9.99551E-05 0.930469 9.99551E-05 9.99551E-05 0.0153208 0.0537101 9.99551E-05
9.994E-05 9.994E-05 9.994E-05 0.9993 9.994E-05 9.994E-05 9.994E-05 9.994E-05
9.99731E-05 9.99731E-05 0.144347 0.0562414 0.415395 9.99731E-05 0.197931 0.185786
9.994E-05 9.994E-05 9.994E-05 9.994E-05 9.994E-05 0.9993 9.994E-05 9.994E-05
9.99641E-05 9.99641E-05 9.99641E-05 0.075154 0.690399 0.203504 9.99641E-05 0.0305429
9.99461E-05 0.483226 9.99461E-05 9.99461E-05 9.99461E-05 9.99461E-05 9.99461E-05 0.516175
9.994E-05 0.9993 9.994E-05 9.994E-05 9.994E-05 9.994E-05 9.994E-05 9.994E-05
9.9946E-05 9.9946E-05 0.0468236 9.9946E-05 9.9946E-05 9.9946E-05 9.9946E-05 0.952577
9.995E-05 0.121827 9.995E-05 9.995E-05 0.807729 9.995E-05 0.0699447 9.995E-05
9.9955E-05 9.9955E-05 9.9955E-05 0.84931 0.0871146 0.0630753 9.9955E-05 9.9955E-05
0.39162 9.99551E-05 9.99551E-05 9.99551E-05 9.99551E-05 0.0346177 0.573263 9.99551E-05
0.138546 9.99551E-05 9.99551E-05 9.99551E-05 0.767194 9.99551E-05 0.0937594 9.99551E-05
9.9964E-05 0.0131156 9.9964E-05 9.9964E-05 0.817781 9.9964E-05 0.164652 0.00405171
9.99551E-05 9.99551E-05 9.99551E-05 9.99551E-05 0.145495 0.0546722 9.99551E-05 0.799333
0.048704 9.99551E-05 9.99551E-05 0.260886 0.68991 9.99551E-05 9.99551E-05 9.99551E-05
9.9955E-05 9.9955E-05 9.9955E-05 0.0235618 0.845706 0.130232 9.9955E-05 9.9955E-05
9.99461E-05 9.99461E-05 9.99461E-05 9.99461E-05 0.165826 0.833574 9.99461E-05 9.99461E-05
0.9993 9.994E-05 9.994E-05 9.994E-05 9.994E-05 9.994E-05 9.994E-05 9.994E-05
9.99461E-05 0.961445 9.99461E-05 9.99461E-05 9.99461E-05 9.99461E-05 9.99461E-05 0.0379553
0.0234944 9.99462E-05 0.975906 9.99462E-05 9.99462E-05 9.99462E-05 9.99462E-05 9.99462E-05
9.99551E-05 9.99551E-05 9.99551E-05 0.197123 9.99551E-05 0.710827 0.0915498 9.99551E-05
0.300531 9.99551E-05 9.99551E-05 9.99551E-05 0.0869892 9.99551E-05 0.61198 9.99551E-05
0.0163233 9.99552E-05 9.99552E-05 9.99552E-05 0.70612 9.99552E-05 0.277057 9.99552E-05
0.145348 9.99731E-05 0.700244 0.0705532 9.99731E-05 0.0256273 0.0579283 9.99731E-05
0.745527 9.99551E-05 9.99551E-05 9.99551E-05 0.209602 9.99551E-05 9.99551E-05 0.0443712
