9.9991E-05 0.138289 0.717426 0.144186
9.9982E-05 9.9982E-05 0.928176 0.0716239
9.9982E-05 0.524447 0.475353 9.9982E-05
0.281053 0.17992 0.538927 9.9991E-05
9.9982E-05 0.681758 9.9982E-05 0.318042
0.885 0.076548 0.0383525 9.9991E-05
0.121769 0.836809 9.9991E-05 0.0413217
9.999E-05 0.0170035 0.970674 0.0122225
0.698843 9.99821E-05 9.99821E-05 0.300957
9.9982E-05 0.808574 9.9982E-05 0.191226
9.998E-05 0.9997 9.998E-05 9.998E-05
0.127376 9.9982E-05 0.872424 9.9982E-05
0.0904313 0.52745 9.9991E-05 0.382019
0.0412839 0.836623 0.121993 9.9991E-05
9.9982E-05 0.485283 9.9982E-05 0.514517
0.157333 0.0254018 9.9991E-05 0.817165
0.129021 0.0274252 0.843454 9.9991E-05
0.27489 0.269487 9.9991E-05 0.455523
0.961681 9.9982E-05 0.0381186 9.9982E-05
0.0637764 9.99821E-05 9.99821E-05 0.936024
0.234746 9.9982E-05 9.9982E-05 0.765054
0.530372 9.9991E-05 0.160703 0.308825
0.0421072 0.0549948 9.9991E-05 0.902798
0.25286 0.262423 0.371951 0.112766
0.137357 0.839392 0.0231506 9.9991E-05
9.9982E-05 0.272746 9.9982E-05 0.727054
0.0639269 0.248809 0.687164 9.9991E-05
0.614008 0.273891 9.9991E-05 0.112001
9.99821E-05 9.99821E-05 0.93475 0.06505
0.710335 9.99821E-05 0.289465 9.99821E-05
9.9982E-05 0.940614 0.0591862 9.9982E-05
9.998E-05 0.9997 9.998E-05 9.998E-05
9.9982E-05 0.977768 9.9982E-05 0.0220318
0.933095 0.0667049 9.9982E-05 9.9982E-05
0.131231 0.042174 0.826495 9.9991E-05
0.238908 9.9982E-05 9.9982E-05 0.760892
0.902714 9.9982E-05 9.9982E-05 0.0970857
0.950036 0.0497637 9.9982E-05 9.9982E-05
0.12559 0.753014 0.107863 0.0135333
0.93764 9.99821E-05 0.0621597 9.99821E-05
0.797617 9.9982E-05 0.202183 9.9982E-05
0.178347 9.9982E-05 0.821453 9.9982E-05
9.998E-05 9.998E-05 9.998E-05 0.9997
9.9982E-05 0.870017 0.129783 9.9982E-05
9.9982E-05 0.363203 9.9982E-05 0.636597
9.998E-05 9.998E-05 0.9997 9.998E-05
0.352763 9.9982E-05 9.9982E-05 0.647037
0.807051 9.99821E-05 9.99821E-05 0.192749
9.9991E-05 0.195959 0.0271073 0.776834
0.392931 9.9982E-05 9.9982E-05 0.606869
