9.99731E-05 0.341785 9.99731E-05 0.0215605 9.99731E-05 0.583656 0.0526982
9.9955E-05 9.9955E-05 9.9955E-05 9.9955E-05 9.9955E-05 0.90186 0.0976407
9.9964E-05 0.649436 9.9964E-05 9.9964E-05 9.9964E-05 0.302863 0.0473015
9.99641E-05 9.99641E-05 0.209987 9.99641E-05 0.303713 0.4859 9.99641E-05
0.884235 0.115265 9.9955E-05 9.9955E-05 9.9955E-05 9.9955E-05 9.9955E-05
9.9964E-05 0.110697 9.9964E-05 9.9964E-05 0.802839 9.9964E-05 0.0860643
9.9964E-05 9.9964E-05 0.924935 0.003695 9.9964E-05 9.9964E-05 0.0709706
9.99641E-05 0.0963062 9.99641E-05 0.0610288 9.99641E-05 0.842265 9.99641E-05
9.99641E-05 9.99641E-05 9.99641E-05 0.0370775 0.444995 9.99641E-05 0.517528
0.684479 9.99551E-05 0.315021 9.99551E-05 9.99551E-05 9.99551E-05 9.99551E-05
0.103826 9.99552E-05 0.895674 9.99552E-05 9.99552E-05 9.99552E-05 9.99552E-05
9.99551E-05 9.99551E-05 9.99551E-05 9.99551E-05 0.130383 0.869117 9.99551E-05
0.5109 9.9973E-05 0.241184 9.9973E-05 9.9973E-05 0.0526468 0.194969
9.99731E-05 0.0108003 0.91577 9.99731E-05 0.000609336 0.0725206 9.99731E-05
0.964334 9.99551E-05 9.99551E-05 9.99551E-05 0.0351663 9.99551E-05 9.99551E-05
9.995E-05 9.995E-05 9.995E-05 9.995E-05 9.995E-05 9.995E-05 0.9994
9.99641E-05 0.0861241 9.99641E-05 9.99641E-05 0.179958 0.733518 9.99641E-05
0.351993 9.9973E-05 0.114012 9.9973E-05 0.178987 9.9973E-05 0.354708
9.995E-05 9.995E-05 9.995E-05 9.995E-05 0.9994 9.995E-05 9.995E-05
9.995E-05 9.995E-05 9.995E-05 0.9994 9.995E-05 9.995E-05 9.995E-05
9.99641E-05 9.99641E-05 9.99641E-05 0.904237 0.0755221 9.99641E-05 0.0198409
0.0417741 9.99731E-05 9.99731E-05 9.99731E-05 0.286508 0.171472 0.499946
0.306578 9.99551E-05 9.99551E-05 9.99551E-05 9.99551E-05 9.99551E-05 0.692922
9.9973E-05 0.232748 9.9973E-05 0.307335 0.0821578 0.37746 9.9973E-05
9.9955E-05 0.97887 9.9955E-05 0.0206304 9.9955E-05 9.9955E-05 9.9955E-05
0.932841 9.99551E-05 9.99551E-05 9.99551E-05 9.99551E-05 9.99551E-05 0.0666596
9.99641E-05 0.331501 9.99641E-05 9.99641E-05 0.0877281 0.580371 9.99641E-05
0.102404 9.99731E-05 0.276176 9.99731E-05 0.564177 9.99731E-05 0.0569428
9.99553E-05 9.99553E-05 9.99553E-05 9.99553E-05 9.99553E-05 0.899096 0.100404
9.99641E-05 9.99641E-05 0.0437014 9.99641E-05 0.657944 0.297955 9.99641E-05
9.99551E-05 0.267654 0.731846 9.99551E-05 9.99551E-05 9.99551E-05 9.99551E-05
9.995E-05 0.9994 9.995E-05 9.995E-05 9.995E-05 9.995E-05 9.995E-05
0.126396 9.9955E-05 0.873104 9.9955E-05 9.9955E-05 9.9955E-05 9.9955E-05
9.9964E-05 0.126309 9.9964E-05 9.9964E-05 0.708254 9.9964E-05 0.165037
9.9964E-05 0.0977511 9.9964E-05 9.9964E-05 0.184683 0.717166 9.9964E-05
9.9955E-05 9.9955E-05 9.9955E-05 0.120151 9.9955E-05 9.9955E-05 0.879349
9.9964E-05 9.9964E-05 9.9964E-05 0.0727812 0.758 9.9964E-05 0.168819
9.9973E-05 9.9973E-05 0.0350896 0.0102008 0.865863 9.9973E-05 0.0885466
9.99731E-05 9.99731E-05 0.848952 0.0243507 0.0570812 0.0693163 9.99731E-05
9.99641E-05 9.99641E-05 9.99641E-05 0.105245 0.884988 0.00936746 9.99641E-05
9.9955E-05 9.9955E-05 9.9955E-05 9.9955E-05 0.833462 0.166038 9.9955E-05
9.9955E-05 9.9955E-05 9.9955E-05 9.9955E-05 0.134223 0.865278 9.9955E-05
9.995E-05 9.995E-05 9.995E-05 0.9994 9.995E-05 9.995E-05 9.995E-05
9.99551E-05 0.944567 0.054933 9.99551E-05 9.99551E-05 9.99551E-05 9.99551E-05
0.837998 9.99641E-05 0.0146173 0.146985 9.99641E-05 9.99641E-05 9.99641E-05
9.99551E-05 9.99551E-05 9.99551E-05 9.99551E-05 9.99551E-05 0.933186 0.0663141
9.996E-05 9.996E-05 9.996E-05 0.177164 0.0918542 9.996E-05 0.730582
9.99551E-05 9.99551E-05 9.99551E-05 9.99551E-05 0.739613 9.99551E-05 0.259887
0.590739 0.0381743 9.99731E-05 0.335171 9.99731E-05 0.0356154 9.99731E-05
9.9964E-05 9.9964E-05 0.00255446 0.743367 0.253679 9.9964E-05 9.9964E-05
