0.646047 9.9982E-05 0.229016 9.9982E-05 0.124737
0.959149 9.9973E-05 9.9973E-05 9.9973E-05 0.0405509
0.386389 9.9982E-05 0.595877 9.9982E-05 0.017534
0.58799 0.00876098 0.15427 0.248879 9.9991E-05
0.0314259 0.967938 9.9982E-05 0.000435708 9.9982E-05
9.9973E-05 9.9973E-05 0.0925731 0.907127 9.9973E-05
9.9991E-05 0.196799 0.679884 0.0585067 0.0647101
0.95543 9.99731E-05 0.0442697 9.99731E-05 9.99731E-05
9.99731E-05 9.99731E-05 9.99731E-05 0.547465 0.452235
9.997E-05 0.9996 9.997E-05 9.997E-05 9.997E-05
9.99732E-05 0.508744 0.490956 9.99732E-05 9.99732E-05
0.909174 9.9973E-05 9.9973E-05 0.0905257 9.9973E-05
0.0761504 0.515418 0.176834 0.0345087 0.19709
9.99821E-05 0.11501 0.858231 0.0265589 9.99821E-05
9.9982E-05 0.97749 9.9982E-05 0.0201113 0.00219897
9.99731E-05 9.99731E-05 0.103471 9.99731E-05 0.896229
0.950047 0.000395873 9.9982E-05 0.0493567 9.9982E-05
9.999E-05 0.34184 0.0998658 0.158494 0.3997
0.029443 9.9973E-05 9.9973E-05 0.970257 9.9973E-05
9.99731E-05 9.99731E-05 0.00656881 9.99731E-05 0.993131
0.0322846 0.0616722 9.9982E-05 9.9982E-05 0.905843
0.169397 9.9982E-05 9.9982E-05 0.35426 0.476142
9.9982E-05 0.19568 0.0155664 9.9982E-05 0.788554
0.353422 9.9991E-05 0.361163 0.117391 0.167924
9.9973E-05 9.9973E-05 0.934103 0.0655974 9.9973E-05
0.0232795 0.741366 9.9982E-05 9.9982E-05 0.235155
0.619894 9.99821E-05 0.302287 0.0776191 9.99821E-05
9.99731E-05 0.39051 9.99731E-05 0.60919 9.99731E-05
0.939689 9.99732E-05 9.99732E-05 9.99732E-05 0.060011
0.348748 9.99731E-05 9.99731E-05 0.650952 9.99731E-05
9.997E-05 9.997E-05 0.9996 9.997E-05 9.997E-05
9.997E-05 9.997E-05 0.9996 9.997E-05 9.997E-05
9.9973E-05 0.647871 0.351829 9.9973E-05 9.9973E-05
9.9991E-05 0.0173929 0.100557 0.842638 0.0393124
0.868113 9.9982E-05 0.0949875 0.0366997 9.9982E-05
0.00187301 9.9973E-05 9.9973E-05 9.9973E-05 0.997827
9.9973E-05 9.9973E-05 9.9973E-05 0.82667 0.17303
9.9982E-05 9.9982E-05 0.0725436 0.909608 0.0176485
0.0522509 0.230839 0.62053 0.0922719 0.00410779
0.144809 0.060221 9.9982E-05 0.79477 9.9982E-05
0.230051 9.9973E-05 9.9973E-05 0.769649 9.9973E-05
0.836071 9.9973E-05 9.9973E-05 0.163629 9.9973E-05
9.99731E-05 0.0693658 9.99731E-05 9.99731E-05 0.930334
9.997E-05 9.997E-05 0.9996 9.997E-05 9.997E-05
9.99731E-05 0.747626 9.99731E-05 9.99731E-05 0.252074
0.921061 9.99731E-05 9.99731E-05 9.99731E-05 0.0786388
9.9973E-05 9.9973E-05 9.9973E-05 0.179449 0.820251
9.99731E-05 9.99731E-05 9.99731E-05 0.791008 0.208692
0.120953 0.419855 9.99821E-05 9.99821E-05 0.458992
9.99821E-05 0.0747196 9.99821E-05 0.265667 0.659413
