0.011033 9.99551E-05 0.188446 0.710209 0.0898126 9.99551E-05 9.99551E-05 9.99551E-05 9.99551E-05
9.99461E-05 0.135403 9.99461E-05 0.836171 0.0278264 9.99461E-05 9.99461E-05 9.99461E-05 9.99461E-05
9.9946E-05 9.9946E-05 0.615829 0.339564 0.0440068 9.9946E-05 9.9946E-05 9.9946E-05 9.9946E-05
9.99372E-05 0.940979 9.99372E-05 9.99372E-05 9.99372E-05 9.99372E-05 0.0583216 9.99372E-05 9.99372E-05
0.897438 0.0639242 0.0380383 9.9946E-05 9.9946E-05 9.9946E-05 9.9946E-05 9.9946E-05 9.9946E-05
9.99371E-05 9.99371E-05 0.076668 9.99371E-05 9.99371E-05 9.99371E-05 0.922632 9.99371E-05 9.99371E-05
9.9955E-05 0.107832 0.242261 9.9955E-05 9.9955E-05 9.9955E-05 9.9955E-05 0.535434 0.113974
9.99551E-05 0.0159667 0.0470063 0.894022 9.99551E-05 0.0425051 9.99551E-05 9.99551E-05 9.99551E-05
9.99371E-05 9.99371E-05 9.99371E-05 9.99371E-05 9.99371E-05 9.99371E-05 0.347647 9.99371E-05 0.651653
0.455264 9.9937E-05 9.9937E-05 9.9937E-05 9.9937E-05 9.9937E-05 9.9937E-05 0.544037 9.9937E-05
9.993E-05 9.993E-05 9.993E-05 9.993E-05 9.993E-05 9.993E-05 9.993E-05 0.999201 9.993E-05
9.99371E-05 9.99371E-05 9.99371E-05 0.8975 9.99371E-05 9.99371E-05 0.1018 9.99371E-05 9.99371E-05
0.435199 0.0165513 0.119627 0.0721118 9.9973E-05 9.9973E-05 9.9973E-05 0.080254 0.275956
0.0816107 0.137408 0.541296 9.99641E-05 9.99641E-05 0.133873 9.99641E-05 0.105413 9.99641E-05
0.999072 9.99371E-05 9.99371E-05 9.99371E-05 9.99371E-05 9.99371E-05 0.000228873 9.99371E-05 9.99371E-05
9.993E-05 9.993E-05 9.993E-05 9.993E-05 9.993E-05 9.993E-05 9.993E-05 9.993E-05 0.999201
9.99551E-05 0.114839 9.99551E-05 0.748453 9.99551E-05 0.0942089 0.0419995 9.99551E-05 9.99551E-05
0.0804356 9.9982E-05 0.0344717 0.0132052 9.9982E-05 0.0100823 0.0509797 0.194571 0.616055
9.993E-05 9.993E-05 9.993E-05 9.993E-05 9.993E-05 9.993E-05 0.999201 9.993E-05 9.993E-05
9.993E-05 9.993E-05 9.993E-05 9.993E-05 0.999201 9.993E-05 9.993E-05 9.993E-05 9.993E-05
9.99371E-05 9.99371E-05 9.99371E-05 9.99371E-05 0.925519 0.0737814 9.99371E-05 9.99371E-05 9.99371E-05
9.99551E-05 9.99551E-05 9.99551E-05 0.121449 9.99551E-05 0.120057 0.122865 9.99551E-05 0.63513
0.155005 9.9946E-05 9.9946E-05 9.9946E-05 0.152978 9.9946E-05 9.9946E-05 9.9946E-05 0.691417
9.995E-05 0.722639 9.995E-05 9.995E-05 0.182614 9.995E-05 0.0225421 0.0717051 9.995E-05
9.99461E-05 0.0158738 0.919208 9.99461E-05 9.99461E-05 9.99461E-05 0.0643185 9.99461E-05 9.99461E-05
0.804876 9.99461E-05 9.99461E-05 9.99461E-05 0.0152262 9.99461E-05 9.99461E-05 9.99461E-05 0.179298
9.99371E-05 0.986392 0.0129084 9.99371E-05 9.99371E-05 9.99371E-05 9.99371E-05 9.99371E-05 9.99371E-05
0.00822496 9.99371E-05 9.99371E-05 9.99371E-05 9.99371E-05 0.991075 9.99371E-05 9.99371E-05 9.99371E-05
9.99374E-05 9.99374E-05 9.99374E-05 0.959433 9.99374E-05 9.99374E-05 9.99374E-05 9.99374E-05 0.0398669
9.99371E-05 9.99371E-05 9.99371E-05 0.125896 9.99371E-05 0.873405 9.99371E-05 9.99371E-05 9.99371E-05
9.99371E-05 9.99371E-05 0.640989 9.99371E-05 9.99371E-05 9.99371E-05 9.99371E-05 0.358312 9.99371E-05
9.993E-05 9.993E-05 0.999201 9.993E-05 9.993E-05 9.993E-05 9.993E-05 9.993E-05 9.993E-05
0.128294 0.0223271 9.9955E-05 9.9955E-05 9.9955E-05 0.0153456 9.9955E-05 0.833533 9.9955E-05
9.99461E-05 9.99461E-05 0.0413039 9.99461E-05 9.99461E-05 9.99461E-05 0.757626 9.99461E-05 0.200471
9.9946E-05 0.785898 9.9946E-05 0.144849 9.9946E-05 0.0686533 9.9946E-05 9.9946E-05 9.9946E-05
9.9964E-05 9.9964E-05 0.0100576 0.0390805 0.163774 9.9964E-05 0.0163537 9.9964E-05 0.770335
9.9964E-05 9.9964E-05 9.9964E-05 0.00616234 0.059304 0.188136 0.487334 9.9964E-05 0.258664
9.99461E-05 9.99461E-05 9.99461E-05 9.99461E-05 9.99461E-05 9.99461E-05 0.83592 0.0525257 0.110955
9.99461E-05 9.99461E-05 9.99461E-05 0.0560948 9.99461E-05 9.99461E-05 0.0825984 0.860707 9.99461E-05
0.0490268 0.0781014 9.99552E-05 9.99552E-05 9.99552E-05 9.99552E-05 0.858713 0.0136593 9.99552E-05
9.9946E-05 9.9946E-05 9.9946E-05 0.11909 9.9946E-05 0.0715451 0.808765 9.9946E-05 9.9946E-05
9.99461E-05 9.99461E-05 9.99461E-05 0.817363 9.99461E-05 0.0502524 0.131785 9.99461E-05 9.99461E-05
0.063384 9.99372E-05 9.99372E-05 9.99372E-05 0.935916 9.99372E-05 9.99372E-05 9.99372E-05 9.99372E-05
9.99371E-05 9.99371E-05 0.961574 9.99371E-05 9.99371E-05 0.037726 9.99371E-05 9.99371E-05 9.99371E-05
0.86172 9.99372E-05 9.99372E-05 9.99372E-05 0.137581 9.99372E-05 9.99372E-05 9.99372E-05 9.99372E-05
9.99515E-05 0.0927443 9.99515E-05 0.880662 0.0259943 9.99515E-05 9.99515E-05 9.99515E-05 9.99515E-05
9.99461E-05 9.99461E-05 9.99461E-05 9.99461E-05 0.346331 9.99461E-05 0.131078 9.99461E-05 0.521991
9.99372E-05 9.99372E-05 9.99372E-05 9.99372E-05 9.99372E-05 9.99372E-05 0.773031 9.99372E-05 0.226269
0.497081 0.0446392 9.99551E-05 9.99551E-05 0.421966 0.0358145 9.99551E-05 9.99551E-05 9.99551E-05
9.99461E-05 9.99461E-05 9.99461E-05 9.99461E-05 0.803855 9.99461E-05 0.178877 0.016669 9.99461E-05
