0.120449 0.0918493 0.787602 9.9991E-05
9.9982E-05 0.0310199 0.96878 9.9982E-05
0.480495 9.9982E-05 0.519305 9.9982E-05
0.109259 9.9991E-05 0.648288 0.242353
0.633794 0.366006 9.9982E-05 9.9982E-05
0.0512602 9.9982E-05 9.9982E-05 0.94854
0.854833 0.0491832 9.9991E-05 0.0958841
9.998E-05 9.998E-05 0.9997 9.998E-05
9.99821E-05 0.286348 9.99821E-05 0.713452
0.79598 0.20382 9.9982E-05 9.9982E-05
0.9997 9.998E-05 9.998E-05 9.998E-05
9.9982E-05 9.9982E-05 0.929569 0.0702311
0.51974 0.455083 9.9991E-05 0.0250764
0.873899 9.9991E-05 0.0940769 0.0319237
0.501191 0.498609 9.9982E-05 9.9982E-05
0.0562864 0.806354 9.9991E-05 0.137259
0.00585046 9.9991E-05 0.920873 0.0731766
0.373079 0.378554 9.9991E-05 0.248267
9.998E-05 9.998E-05 9.998E-05 0.9997
9.99821E-05 0.969897 9.99821E-05 0.029903
9.9991E-05 0.836121 0.0434259 0.120353
9.9991E-05 0.421413 0.0723489 0.506138
0.106223 0.759331 9.9991E-05 0.134346
0.199299 0.148871 0.488864 0.162966
0.825296 9.9991E-05 0.144302 0.0303016
0.306908 0.692892 9.9982E-05 9.9982E-05
0.252602 9.9991E-05 0.668055 0.0792434
0.336491 0.0665204 9.9991E-05 0.596889
9.99821E-05 0.0197446 0.980055 9.99821E-05
9.99821E-05 9.99821E-05 0.354785 0.645015
0.984741 9.9982E-05 0.015059 9.9982E-05
0.9997 9.998E-05 9.998E-05 9.998E-05
0.940468 0.0593324 9.9982E-05 9.9982E-05
0.0649199 9.9982E-05 9.9982E-05 0.93488
0.0535417 9.9991E-05 0.770548 0.17581
9.9982E-05 0.802106 9.9982E-05 0.197694
9.9991E-05 0.166624 0.00237682 0.830899
0.0804605 9.9982E-05 9.9982E-05 0.91934
0.724057 9.9991E-05 0.161215 0.114628
9.9991E-05 0.0345599 0.132302 0.833039
9.9982E-05 9.9982E-05 0.17746 0.82234
9.9982E-05 9.9982E-05 0.877582 0.122218
9.998E-05 0.9997 9.998E-05 9.998E-05
0.868936 9.9982E-05 0.130864 9.9982E-05
0.300807 0.698993 9.9982E-05 9.9982E-05
9.998E-05 9.998E-05 0.9997 9.998E-05
9.9982E-05 0.645734 9.9982E-05 0.354066
9.99821E-05 0.115588 9.99821E-05 0.884212
0.189593 0.719802 0.0905045 9.9991E-05
9.9982E-05 0.677267 9.9982E-05 0.322533
