9.99641E-05 9.99641E-05 0.603398 9.99641E-05 0.105206 0.290996 9.99641E-05
9.996E-05 0.0613473 0.843723 9.996E-05 0.0945295 9.996E-05 9.996E-05
9.99551E-05 9.99551E-05 0.386707 9.99551E-05 9.99551E-05 0.612793 9.99551E-05
9.995E-05 0.9994 9.995E-05 9.995E-05 9.995E-05 9.995E-05 9.995E-05
9.9964E-05 0.0214216 9.9964E-05 0.873005 9.9964E-05 0.105174 9.9964E-05
9.9973E-05 9.9973E-05 0.0236565 0.00194906 9.9973E-05 0.156179 0.817916
0.817618 0.131493 9.9964E-05 9.9964E-05 0.0504889 9.9964E-05 9.9964E-05
0.0764268 9.99551E-05 0.923073 9.99551E-05 9.99551E-05 9.99551E-05 9.99551E-05
9.99551E-05 9.99551E-05 9.99551E-05 9.99551E-05 0.480178 9.99551E-05 0.519322
0.391177 9.9955E-05 9.9955E-05 0.608323 9.9955E-05 9.9955E-05 9.9955E-05
0.9994 9.995E-05 9.995E-05 9.995E-05 9.995E-05 9.995E-05 9.995E-05
9.9964E-05 0.0439238 0.786482 9.9964E-05 9.9964E-05 9.9964E-05 0.169194
0.062918 9.9991E-05 0.0241437 0.68004 0.0292941 0.0765693 0.126935
0.281511 0.319721 9.99731E-05 0.0753672 9.99731E-05 0.3231 9.99731E-05
9.99551E-05 9.99551E-05 9.99551E-05 0.993781 9.99551E-05 9.99551E-05 0.00571949
9.99551E-05 9.99551E-05 9.99551E-05 9.99551E-05 0.897682 0.101818 9.99551E-05
9.99641E-05 0.380617 0.548207 9.99641E-05 9.99641E-05 9.99641E-05 0.0707761
0.397931 9.9973E-05 9.9973E-05 0.0354968 0.355131 9.9973E-05 0.211141
9.99551E-05 9.99551E-05 0.0799402 9.99551E-05 9.99551E-05 9.99551E-05 0.91956
9.99641E-05 0.0297159 9.99641E-05 0.140891 0.828993 9.99641E-05 9.99641E-05
9.997E-05 0.0326587 9.997E-05 0.0836777 0.789595 9.997E-05 0.0937688
0.0389982 9.99731E-05 0.0993642 9.99731E-05 0.401491 9.99731E-05 0.459847
0.0387395 9.9973E-05 9.9973E-05 0.192726 0.754929 0.0133062 9.9973E-05
0.0394028 0.814486 9.99641E-05 9.99641E-05 0.145711 9.99641E-05 9.99641E-05
9.99641E-05 0.000239167 9.99641E-05 9.99641E-05 9.99641E-05 0.942031 0.0573302
9.9955E-05 9.9955E-05 9.9955E-05 0.866435 0.133066 9.9955E-05 9.9955E-05
9.99551E-05 0.972919 9.99551E-05 9.99551E-05 9.99551E-05 0.0265817 9.99551E-05
0.177925 0.0679242 9.9991E-05 0.195787 0.017165 0.01939 0.521709
9.995E-05 9.995E-05 0.9994 9.995E-05 9.995E-05 9.995E-05 9.995E-05
9.99641E-05 0.228531 0.128127 9.99641E-05 9.99641E-05 9.99641E-05 0.642942
0.423678 9.9955E-05 9.9955E-05 9.9955E-05 9.9955E-05 0.575822 9.9955E-05
9.99551E-05 9.99551E-05 9.99551E-05 0.037736 9.99551E-05 0.961764 9.99551E-05
0.747203 9.9964E-05 9.9964E-05 0.192043 9.9964E-05 0.0603543 9.9964E-05
9.99551E-05 9.99551E-05 9.99551E-05 9.99551E-05 9.99551E-05 0.120538 0.878962
9.9955E-05 0.86288 0.136621 9.9955E-05 9.9955E-05 9.9955E-05 9.9955E-05
9.9973E-05 9.9973E-05 0.0170769 9.9973E-05 0.929994 0.052115 0.000514159
9.99551E-05 9.99551E-05 9.99551E-05 9.99551E-05 0.166018 9.99551E-05 0.833482
0.0356676 9.9964E-05 9.9964E-05 9.9964E-05 9.9964E-05 0.0592529 0.90468
0.883192 9.99551E-05 0.116309 9.99551E-05 9.99551E-05 9.99551E-05 9.99551E-05
9.99641E-05 0.170639 9.99641E-05 0.00851278 9.99641E-05 9.99641E-05 0.820449
9.9964E-05 9.9964E-05 0.183575 9.9964E-05 9.9964E-05 0.00331639 0.812709
9.99551E-05 9.99551E-05 0.839193 9.99551E-05 9.99551E-05 9.99551E-05 0.160307
9.99552E-05 9.99552E-05 9.99552E-05 0.258897 0.740603 9.99552E-05 9.99552E-05
0.0140923 9.9955E-05 9.9955E-05 9.9955E-05 9.9955E-05 0.985408 9.9955E-05
9.99551E-05 9.99551E-05 9.99551E-05 0.89543 0.104071 9.99551E-05 9.99551E-05
9.99551E-05 0.108835 0.890666 9.99551E-05 9.99551E-05 9.99551E-05 9.99551E-05
9.9955E-05 9.9955E-05 9.9955E-05 9.9955E-05 0.827496 9.9955E-05 0.172005
9.995E-05 9.995E-05 9.995E-05 9.995E-05 0.213584 9.995E-05 0.785916
9.99641E-05 0.149176 9.99641E-05 0.56519 0.285234 9.99641E-05 9.99641E-05
0.0107616 0.00510473 9.99821E-05 0.0186484 0.689531 9.99821E-05 0.275755
