0.160527 0.787145 9.99641E-05 9.99641E-05 9.99641E-05 9.99641E-05 0.00201187 0.0499165
9.9946E-05 0.844051 0.155349 9.9946E-05 9.9946E-05 9.9946E-05 9.9946E-05 9.9946E-05
0.544176 0.421596 9.9955E-05 9.9955E-05 0.0337283 9.9955E-05 9.9955E-05 9.9955E-05
9.994E-05 9.994E-05 0.9993 9.994E-05 9.994E-05 9.994E-05 9.994E-05 9.994E-05
0.013281 9.9964E-05 9.9964E-05 0.0671961 9.9964E-05 0.147014 9.9964E-05 0.772109
0.0462032 0.115209 9.9955E-05 9.9955E-05 9.9955E-05 9.9955E-05 0.838088 9.9955E-05
0.0478692 9.9964E-05 0.173567 9.9964E-05 0.0397631 0.738401 9.9964E-05 9.9964E-05
0.055227 0.691754 9.99551E-05 0.25252 9.99551E-05 9.99551E-05 9.99551E-05 9.99551E-05
9.99461E-05 9.99461E-05 9.99461E-05 9.99461E-05 0.401009 9.99461E-05 0.598391 9.99461E-05
9.99461E-05 9.99461E-05 9.99461E-05 9.99461E-05 9.99461E-05 0.579871 9.99461E-05 0.419529
9.994E-05 9.994E-05 9.994E-05 9.994E-05 9.994E-05 0.9993 9.994E-05 9.994E-05
9.99461E-05 0.226934 9.99461E-05 0.772466 9.99461E-05 9.99461E-05 9.99461E-05 9.99461E-05
0.170533 0.00318335 0.146833 9.9973E-05 9.9973E-05 9.9973E-05 0.00945201 0.669699
0.120427 9.99551E-05 0.421195 9.99551E-05 9.99551E-05 0.457878 9.99551E-05 9.99551E-05
9.994E-05 9.994E-05 9.994E-05 9.994E-05 9.994E-05 9.994E-05 9.994E-05 0.9993
0.0837371 9.99461E-05 9.99461E-05 9.99461E-05 0.915663 9.99461E-05 9.99461E-05 9.99461E-05
9.99461E-05 9.99461E-05 9.99461E-05 0.990134 9.99461E-05 0.00926628 9.99461E-05 9.99461E-05
9.9964E-05 9.9964E-05 9.9964E-05 9.9964E-05 0.406354 0.392534 0.151265 0.0494478
9.99461E-05 0.062262 9.99461E-05 9.99461E-05 9.99461E-05 9.99461E-05 0.937138 9.99461E-05
9.99552E-05 9.99552E-05 0.085026 9.99552E-05 0.867831 9.99552E-05 9.99552E-05 0.0466432
9.99641E-05 9.99641E-05 0.0170103 9.99641E-05 0.81263 9.99641E-05 0.0533353 0.116624
9.99641E-05 9.99641E-05 9.99641E-05 0.314784 0.393336 0.031488 0.259992 9.99641E-05
0.0720057 9.99551E-05 9.99551E-05 9.99551E-05 0.710332 9.99551E-05 9.99551E-05 0.217162
0.00276856 9.9964E-05 0.766263 9.9964E-05 0.210483 0.0200855 9.9964E-05 9.9964E-05
0.980176 9.9955E-05 9.9955E-05 0.0152979 9.9955E-05 9.9955E-05 0.00402604 9.9955E-05
9.9955E-05 0.0173135 9.9955E-05 9.9955E-05 0.142209 9.9955E-05 9.9955E-05 0.839978
0.00307779 9.99461E-05 0.996323 9.99461E-05 9.99461E-05 9.99461E-05 9.99461E-05 9.99461E-05
9.99551E-05 9.99551E-05 0.14909 9.99551E-05 9.99551E-05 9.99551E-05 0.49339 0.35702
9.994E-05 0.9993 9.994E-05 9.994E-05 9.994E-05 9.994E-05 9.994E-05 9.994E-05
9.99552E-05 9.99552E-05 9.99552E-05 0.558728 0.0324001 9.99552E-05 0.408373 9.99552E-05
0.441212 9.99461E-05 9.99461E-05 9.99461E-05 9.99461E-05 0.558188 9.99461E-05 9.99461E-05
0.9993 9.994E-05 9.994E-05 9.994E-05 9.994E-05 9.994E-05 9.994E-05 9.994E-05
9.99459E-05 9.99459E-05 9.99459E-05 9.99459E-05 9.99459E-05 0.799861 9.99459E-05 0.199539
0.109639 9.9955E-05 9.9955E-05 9.9955E-05 0.0435072 9.9955E-05 0.846354 9.9955E-05
9.9946E-05 9.9946E-05 0.27518 0.72422 9.9946E-05 9.9946E-05 9.9946E-05 9.9946E-05
9.994E-05 9.994E-05 9.994E-05 9.994E-05 0.9993 9.994E-05 9.994E-05 9.994E-05
9.99551E-05 0.0132525 9.99551E-05 9.99551E-05 0.117928 9.99551E-05 0.86832 9.99551E-05
9.9964E-05 9.9964E-05 9.9964E-05 0.121358 0.0897675 0.0255065 0.762968 9.9964E-05
9.99641E-05 0.0676469 9.99641E-05 0.0299952 9.99641E-05 0.797056 0.104902 9.99641E-05
9.99641E-05 9.99641E-05 0.115012 0.164188 9.99641E-05 9.99641E-05 0.703625 0.0167746
9.9946E-05 9.9946E-05 9.9946E-05 0.509916 9.9946E-05 9.9946E-05 0.489484 9.9946E-05
9.994E-05 9.994E-05 9.994E-05 0.9993 9.994E-05 9.994E-05 9.994E-05 9.994E-05
9.99462E-05 9.99462E-05 9.99462E-05 9.99462E-05 0.833583 9.99462E-05 9.99462E-05 0.165818
0.9993 9.994E-05 9.994E-05 9.994E-05 9.994E-05 9.994E-05 9.994E-05 9.994E-05
9.994E-05 9.994E-05 9.994E-05 9.994E-05 9.994E-05 9.994E-05 9.994E-05 0.9993
9.99641E-05 0.219387 0.0777817 0.643836 0.0585958 9.99641E-05 9.99641E-05 9.99641E-05
9.99461E-05 9.99461E-05 9.99461E-05 9.99461E-05 0.874848 9.99461E-05 0.124552 9.99461E-05
9.99552E-05 9.99552E-05 9.99552E-05 9.99552E-05 0.0191719 9.99552E-05 0.934323 0.0460052
0.0571976 0.0110654 9.99731E-05 0.0704189 0.246859 9.99731E-05 9.99731E-05 0.614159
9.99641E-05 9.99641E-05 9.99641E-05 0.0376569 0.68753 0.0651043 0.209309 9.99641E-05
