9.99641E-05 9.99641E-05 0.6511 0.222232 9.99641E-05 9.99641E-05 0.126268
0.0359996 9.9964E-05 0.92407 9.9964E-05 9.9964E-05 9.9964E-05 0.0395301
9.9964E-05 9.9964E-05 0.362497 0.636995 9.9964E-05 9.9964E-05 0.000108297
9.995E-05 9.995E-05 9.995E-05 9.995E-05 0.9994 9.995E-05 9.995E-05
0.00237147 0.87263 9.9982E-05 9.9982E-05 0.088024 0.0314212 0.00535311
0.875531 9.9964E-05 0.0732437 0.0508251 9.9964E-05 9.9964E-05 9.9964E-05
0.0329882 0.411412 9.9973E-05 0.416899 0.1384 9.9973E-05 9.9973E-05
9.99551E-05 0.0267282 0.972772 9.99551E-05 9.99551E-05 9.99551E-05 9.99551E-05
0.664192 9.99551E-05 9.99551E-05 9.99551E-05 9.99551E-05 9.99551E-05 0.335308
9.995E-05 0.9994 9.995E-05 9.995E-05 9.995E-05 9.995E-05 9.995E-05
9.99552E-05 0.699981 9.99552E-05 0.299519 9.99552E-05 9.99552E-05 9.99552E-05
0.0454147 9.9973E-05 0.863139 9.9973E-05 0.0087579 0.0823885 9.9973E-05
0.116214 0.594042 0.046836 0.0522252 9.9991E-05 0.00813826 0.182444
9.99731E-05 0.149776 9.99731E-05 0.642802 0.126692 0.0804308 9.99731E-05
0.071889 0.851896 9.99641E-05 9.99641E-05 9.99641E-05 9.99641E-05 0.0758155
9.99641E-05 9.99641E-05 9.99641E-05 0.0354396 9.99641E-05 0.185977 0.778183
9.9964E-05 9.9964E-05 0.473458 9.9964E-05 0.299369 0.226773 9.9964E-05
0.323921 0.395752 9.9973E-05 0.0526346 9.9973E-05 9.9973E-05 0.227392
0.897745 9.9955E-05 0.101756 9.9955E-05 9.9955E-05 9.9955E-05 9.9955E-05
9.99551E-05 9.99551E-05 9.99551E-05 9.99551E-05 0.07131 9.99551E-05 0.92819
0.0223801 9.99731E-05 9.99731E-05 9.99731E-05 0.0882797 0.046696 0.842344
9.99551E-05 9.99551E-05 9.99551E-05 9.99551E-05 9.99551E-05 0.769485 0.230015
0.0059329 0.075187 9.9973E-05 0.0667514 9.9973E-05 9.9973E-05 0.851829
9.9964E-05 0.0148474 9.9964E-05 9.9964E-05 0.815101 9.9964E-05 0.169652
0.0861235 9.9964E-05 9.9964E-05 0.908396 9.9964E-05 9.9964E-05 0.00508093
9.9955E-05 0.512178 9.9955E-05 9.9955E-05 9.9955E-05 9.9955E-05 0.487322
9.995E-05 9.995E-05 9.995E-05 9.995E-05 0.9994 9.995E-05 9.995E-05
9.99551E-05 0.074818 9.99551E-05 9.99551E-05 9.99551E-05 0.924682 9.99551E-05
9.995E-05 9.995E-05 0.9994 9.995E-05 9.995E-05 9.995E-05 9.995E-05
9.995E-05 9.995E-05 9.995E-05 9.995E-05 9.995E-05 0.9994 9.995E-05
9.99551E-05 0.0182693 9.99551E-05 0.981231 9.99551E-05 9.99551E-05 9.99551E-05
9.995E-05 9.995E-05 9.995E-05 0.9994 9.995E-05 9.995E-05 9.995E-05
9.9955E-05 0.780721 9.9955E-05 0.218779 9.9955E-05 9.9955E-05 9.9955E-05
0.890687 9.9964E-05 9.9964E-05 0.100754 0.00815916 9.9964E-05 9.9964E-05
9.9964E-05 9.9964E-05 0.169339 9.9964E-05 0.602082 0.22818 9.9964E-05
0.140659 9.9964E-05 0.0160815 9.9964E-05 9.9964E-05 9.9964E-05 0.842859
0.669904 9.9964E-05 9.9964E-05 9.9964E-05 9.9964E-05 0.232704 0.096992
0.911377 9.99641E-05 9.99641E-05 0.0829053 9.99641E-05 9.99641E-05 0.00531798
0.0682486 0.545309 0.256174 0.129969 9.99731E-05 9.99731E-05 9.99731E-05
0.760743 0.016985 9.99641E-05 9.99641E-05 0.221872 9.99641E-05 9.99641E-05
0.651997 9.9964E-05 0.157037 9.9964E-05 9.9964E-05 0.190566 9.9964E-05
0.0512056 9.9964E-05 0.69595 9.9964E-05 9.9964E-05 0.252445 9.9964E-05
9.99552E-05 9.99552E-05 9.99552E-05 9.99552E-05 0.0410986 9.99552E-05 0.958402
9.995E-05 9.995E-05 9.995E-05 0.9994 9.995E-05 9.995E-05 9.995E-05
9.99551E-05 0.677854 9.99551E-05 9.99551E-05 9.99551E-05 9.99551E-05 0.321646
9.9973E-05 9.9973E-05 0.747992 9.9973E-05 0.171669 0.056324 0.023715
0.286846 9.9964E-05 9.9964E-05 0.0327503 9.9964E-05 9.9964E-05 0.680003
0.857957 9.99552E-05 9.99552E-05 9.99552E-05 9.99552E-05 9.99552E-05 0.141544
9.99641E-05 0.418454 0.122195 9.99641E-05 9.99641E-05 9.99641E-05 0.458951
0.345006 0.0846065 9.996E-05 9.996E-05 9.996E-05 9.996E-05 0.569988
