0.178696 0.127108 0.694097 9.9991E-05
9.9982E-05 0.0349847 0.964815 9.9982E-05
0.512178 9.9982E-05 0.487622 9.9982E-05
0.160232 9.9991E-05 0.561436 0.278232
0.719329 0.280471 9.9982E-05 9.9982E-05
0.0483183 9.9982E-05 9.9982E-05 0.951482
0.858255 0.0412477 9.9991E-05 0.100397
9.998E-05 9.998E-05 0.9997 9.998E-05
9.9982E-05 0.351242 9.9982E-05 0.648558
0.793381 0.206419 9.9982E-05 9.9982E-05
0.997437 0.00236271 9.99821E-05 9.99821E-05
9.9982E-05 9.9982E-05 0.910175 0.0896249
0.481475 0.391555 9.9991E-05 0.126871
0.857898 9.9991E-05 0.100369 0.041633
0.360749 0.639051 9.9982E-05 9.9982E-05
0.0420362 0.835012 9.9991E-05 0.122852
0.00796382 9.9991E-05 0.938339 0.0535969
0.354769 0.319676 9.9991E-05 0.325455
9.998E-05 9.998E-05 9.998E-05 0.9997
9.9982E-05 0.900406 9.9982E-05 0.0993938
9.9991E-05 0.778818 0.0669105 0.154171
9.9991E-05 0.354685 0.0210369 0.624178
0.0502352 0.900855 9.9991E-05 0.0488099
0.293476 0.137979 0.417908 0.150637
0.818609 9.9991E-05 0.0859566 0.0953344
0.291369 0.708431 9.9982E-05 9.9982E-05
0.224214 9.99821E-05 0.775586 9.99821E-05
0.311686 0.105897 9.9991E-05 0.582317
9.99821E-05 0.0331202 0.96668 9.99821E-05
0.0246117 9.9991E-05 0.333685 0.641603
0.985447 9.9982E-05 0.0143534 9.9982E-05
0.9997 9.998E-05 9.998E-05 9.998E-05
0.940492 0.0593082 9.9982E-05 9.9982E-05
0.099074 9.9982E-05 9.9982E-05 0.900726
0.029226 9.9991E-05 0.907012 0.0636623
9.9982E-05 0.784287 9.9982E-05 0.215513
9.9982E-05 0.12497 9.9982E-05 0.87483
0.0430123 9.9991E-05 0.000144637 0.956743
0.783102 9.9991E-05 0.00528659 0.211512
0.0305826 0.0162718 0.136335 0.816811
9.9982E-05 9.9982E-05 0.267564 0.732236
9.9982E-05 9.9982E-05 0.885112 0.114688
9.998E-05 0.9997 9.998E-05 9.998E-05
0.879427 9.9982E-05 0.120373 9.9982E-05
0.309903 0.689897 9.99821E-05 9.99821E-05
9.9982E-05 0.0132685 0.986532 9.9982E-05
9.9982E-05 0.622154 9.9982E-05 0.377646
9.99821E-05 0.122216 9.99821E-05 0.877584
0.128155 0.729203 0.142542 9.9991E-05
9.99821E-05 0.635442 9.99821E-05 0.364358
