0.146473 0.692522 0.160906 9.9991E-05
0.0364975 0.963303 9.9982E-05 9.9982E-05
9.9982E-05 0.471728 0.528072 9.9982E-05
9.999E-05 0.579754 0.148809 0.271337
0.375457 9.9982E-05 0.624343 9.9982E-05
9.9991E-05 0.0942575 0.0524784 0.853164
0.0492214 9.9991E-05 0.876387 0.0742912
9.998E-05 0.9997 9.998E-05 9.998E-05
0.236384 9.9982E-05 9.9982E-05 0.763416
0.2538 9.9982E-05 0.746 9.9982E-05
0.0341174 9.99821E-05 0.965683 9.99821E-05
9.9982E-05 0.831827 9.9982E-05 0.167973
0.460179 9.9991E-05 0.45776 0.0819613
9.999E-05 0.0139083 0.868015 0.117977
0.592086 9.9982E-05 0.407714 9.9982E-05
0.813717 9.9982E-05 9.9982E-05 0.186083
9.9991E-05 0.860573 0.0295897 0.109737
0.405207 9.9991E-05 0.309344 0.28535
9.9982E-05 0.0289296 9.9982E-05 0.97087
0.829667 9.99821E-05 9.99821E-05 0.170133
0.795592 9.9982E-05 9.9982E-05 0.204208
0.328332 0.00579698 9.9991E-05 0.665771
0.806153 9.9991E-05 0.0490971 0.144649
0.117959 0.421998 0.284032 0.17601
9.9991E-05 0.182159 0.731324 0.0864165
0.772216 9.9982E-05 0.227584 9.9982E-05
9.9991E-05 0.638423 0.245923 0.115555
0.0700611 9.9991E-05 0.302927 0.626912
0.0298842 0.969916 9.99821E-05 9.99821E-05
9.9982E-05 0.39329 9.9982E-05 0.60651
9.9982E-05 0.00504791 0.994752 9.9982E-05
9.998E-05 9.998E-05 0.9997 9.998E-05
0.0759172 9.9982E-05 0.923883 9.9982E-05
9.9982E-05 9.9982E-05 0.080971 0.918829
9.9991E-05 0.791421 0.112514 0.0959646
0.739924 9.9982E-05 9.9982E-05 0.259876
0.0478217 9.9982E-05 9.9982E-05 0.951978
9.9982E-05 9.9982E-05 0.109334 0.890466
0.0249152 0.155126 0.743177 0.0767814
9.9991E-05 0.0502301 0.0626481 0.887022
9.9982E-05 0.289984 9.9982E-05 0.709816
9.9982E-05 0.86205 9.9982E-05 0.13775
0.980704 0.0190965 9.9982E-05 9.9982E-05
9.9982E-05 0.102645 0.897155 9.9982E-05
0.800648 9.9982E-05 0.199152 9.9982E-05
0.0325637 0.967236 9.9982E-05 9.9982E-05
0.624834 9.9982E-05 9.9982E-05 0.374966
0.122302 9.99821E-05 9.99821E-05 0.877498
0.789968 0.0973483 0.112584 9.9991E-05
0.531376 9.99821E-05 9.99821E-05 0.468424
