0.126847 0.809906 0.0631471 9.9991E-05
9.9982E-05 0.989513 0.0102873 9.9982E-05
0.516613 0.483187 9.9982E-05 9.9982E-05
0.108796 0.610147 9.9991E-05 0.280957
0.615934 9.9982E-05 0.383866 9.9982E-05
0.0694329 9.9982E-05 9.9982E-05 0.930367
0.835328 9.9991E-05 0.0432832 0.121289
0.0732654 0.926535 9.99821E-05 9.99821E-05
9.99821E-05 9.99821E-05 0.181849 0.817951
0.771631 9.9982E-05 0.228169 9.9982E-05
0.957869 9.99821E-05 0.041931 9.99821E-05
9.9982E-05 0.8813 9.9982E-05 0.1185
0.461265 9.9991E-05 0.517616 0.0210194
0.834974 0.131558 9.9991E-05 0.0333675
0.386285 9.9982E-05 0.613515 9.9982E-05
0.0252954 9.9991E-05 0.740253 0.234352
9.9982E-05 0.855335 9.9982E-05 0.144465
0.260906 9.9991E-05 0.386051 0.352942
9.9982E-05 0.0469294 9.9982E-05 0.952871
9.99821E-05 9.99821E-05 0.911757 0.0880428
9.9982E-05 9.9982E-05 0.751216 0.248584
9.9991E-05 0.239757 0.397015 0.363128
0.0406629 9.9991E-05 0.853522 0.105715
0.184647 0.490535 0.178216 0.146602
0.846185 0.0462896 9.9991E-05 0.107426
0.273389 9.9982E-05 0.726411 9.9982E-05
0.246367 0.753433 9.99821E-05 9.99821E-05
0.212044 0.0189229 0.24011 0.528923
9.99821E-05 0.962998 0.0368018 9.99821E-05
9.9991E-05 0.467852 0.00425874 0.527789
0.984763 0.0150372 9.9982E-05 9.9982E-05
0.9997 9.998E-05 9.998E-05 9.998E-05
0.869708 9.9982E-05 0.130092 9.9982E-05
0.0794828 9.9982E-05 9.9982E-05 0.920317
9.9982E-05 0.876505 9.9982E-05 0.123295
9.9982E-05 9.9982E-05 0.727059 0.272741
9.9982E-05 9.9982E-05 0.0900783 0.909722
9.998E-05 9.998E-05 9.998E-05 0.9997
0.771665 9.9991E-05 0.000867295 0.227367
9.99821E-05 0.0988437 9.99821E-05 0.900956
9.9982E-05 0.312346 9.9982E-05 0.687454
9.9982E-05 0.916519 9.9982E-05 0.0832815
9.9982E-05 0.02876 0.97104 9.9982E-05
0.940893 0.0589072 9.9982E-05 9.9982E-05
0.216533 9.9982E-05 0.783267 9.9982E-05
0.00774901 0.959568 0.032583 9.9991E-05
9.9982E-05 9.9982E-05 0.562421 0.437379
9.99821E-05 9.99821E-05 0.06416 0.93564
0.0775246 0.0898612 0.832514 9.9991E-05
9.9982E-05 9.9982E-05 0.701716 0.298084
