0.353703 0.646197 9.9991E-05
0.0389165 0.960983 9.9991E-05
0.528408 0.471492 9.9991E-05
0.13477 0.86513 9.9991E-05
0.809842 9.9991E-05 0.190058
9.999E-05 0.52191 0.47799
0.891976 0.0696252 0.0383991
0.103332 0.896568 9.9991E-05
9.9991E-05 0.14586 0.85404
0.900892 9.9991E-05 0.0990078
0.9998 9.999E-05 9.999E-05
9.9991E-05 0.982179 0.0177205
0.555641 9.9991E-05 0.444259
0.787213 0.212687 9.9991E-05
0.593424 9.9991E-05 0.406476
0.117064 9.9991E-05 0.882836
0.0244728 0.975427 9.9991E-05
0.372315 0.0235803 0.604104
9.9991E-05 0.660971 0.338929
0.0250333 9.9991E-05 0.974867
0.0219482 9.9991E-05 0.977952
9.9991E-05 0.286563 0.713337
0.19626 9.9991E-05 0.80364
0.307811 0.619794 0.0723948
0.791891 0.208009 9.9991E-05
0.49692 9.9991E-05 0.50298
0.294617 0.705283 9.9991E-05
0.303386 0.247837 0.448777
0.0191106 0.980789 9.99911E-05
9.9991E-05 0.733292 0.266608
0.952466 0.0474343 9.9991E-05
0.9998 9.999E-05 9.999E-05
0.9998 9.999E-05 9.999E-05
9.9991E-05 0.472752 0.527148
0.0586722 0.941228 9.9991E-05
9.999E-05 9.999E-05 0.9998
9.9991E-05 0.406433 0.593467
9.9991E-05 0.525921 0.473979
0.760922 0.172208 0.0668698
9.9991E-05 0.614111 0.385789
9.9991E-05 0.809987 0.189913
9.999E-05 0.9998 9.999E-05
9.999E-05 9.999E-05 0.9998
0.876932 0.122968 9.9991E-05
0.491453 9.9991E-05 0.508447
0.023591 0.976309 9.9991E-05
9.999E-05 9.999E-05 0.9998
9.9991E-05 0.220942 0.778958
0.413142 9.9991E-05 0.586758
0.0408888 0.0753983 0.883713
