0.188506 0.540755 9.99551E-05 9.99551E-05 9.99551E-05 0.270239 9.99551E-05 9.99551E-05
0.127653 0.871747 9.9946E-05 9.9946E-05 9.9946E-05 9.9946E-05 9.9946E-05 9.9946E-05
0.0457459 0.37088 9.9955E-05 9.9955E-05 9.9955E-05 0.582875 9.9955E-05 9.9955E-05
9.99641E-05 0.412735 9.99641E-05 9.99641E-05 0.0300358 0.213782 0.343047 9.99641E-05
9.99551E-05 9.99551E-05 9.99551E-05 0.994184 9.99551E-05 0.00416757 0.00114856 9.99551E-05
0.0659115 9.99551E-05 9.99551E-05 9.99551E-05 9.99551E-05 0.0945716 0.839017 9.99551E-05
9.9973E-05 9.9973E-05 0.0210806 9.9973E-05 0.137982 0.687572 0.00647542 0.14659
9.99461E-05 0.917019 0.0823818 9.99461E-05 9.99461E-05 9.99461E-05 9.99461E-05 9.99461E-05
0.53277 9.99461E-05 9.99461E-05 9.99461E-05 9.99461E-05 9.99461E-05 0.46663 9.99461E-05
9.99461E-05 9.99461E-05 0.0747025 0.924698 9.99461E-05 9.99461E-05 9.99461E-05 9.99461E-05
9.994E-05 9.994E-05 0.9993 9.994E-05 9.994E-05 9.994E-05 9.994E-05 9.994E-05
9.99461E-05 0.893358 9.99461E-05 9.99461E-05 9.99461E-05 9.99461E-05 0.106042 9.99461E-05
9.99551E-05 9.99551E-05 9.99551E-05 9.99551E-05 0.796978 0.183777 0.0187449 9.99551E-05
0.00326858 9.99641E-05 9.99641E-05 0.0550821 9.99641E-05 0.920991 0.0202585 9.99641E-05
9.99462E-05 9.99462E-05 9.99462E-05 0.998898 9.99462E-05 9.99462E-05 0.000502479 9.99462E-05
9.994E-05 9.994E-05 9.994E-05 9.994E-05 9.994E-05 9.994E-05 9.994E-05 0.9993
9.99551E-05 0.877552 9.99551E-05 9.99551E-05 9.99551E-05 0.0307182 0.0912297 9.99551E-05
9.9964E-05 9.9964E-05 0.187097 0.049021 9.9964E-05 9.9964E-05 0.075089 0.688393
9.994E-05 9.994E-05 9.994E-05 9.994E-05 9.994E-05 9.994E-05 0.9993 9.994E-05
0.957062 9.99461E-05 9.99461E-05 9.99461E-05 0.0423384 9.99461E-05 9.99461E-05 9.99461E-05
0.00498941 0.00305669 9.99731E-05 9.99731E-05 0.0686334 9.99731E-05 0.116245 0.806776
0.175049 0.136079 9.99731E-05 9.99731E-05 0.00324668 9.99731E-05 0.381351 0.303974
9.99461E-05 9.99461E-05 9.99461E-05 0.0355416 9.99461E-05 9.99461E-05 9.99461E-05 0.963859
0.252345 0.365166 0.0818334 9.9973E-05 9.9973E-05 0.210792 0.0895629 9.9973E-05
9.99551E-05 9.99551E-05 0.0966683 9.99551E-05 9.99551E-05 0.859333 0.043499 9.99551E-05
0.254544 9.9955E-05 9.9955E-05 0.677163 9.9955E-05 9.9955E-05 9.9955E-05 0.0677928
9.995E-05 0.407947 9.995E-05 9.995E-05 9.995E-05 0.459066 0.132488 9.995E-05
9.99551E-05 9.99551E-05 9.99551E-05 9.99551E-05 0.379792 0.0362337 0.583475 9.99551E-05
9.99463E-05 0.970507 9.99463E-05 9.99463E-05 9.99463E-05 9.99463E-05 9.99463E-05 0.0288935
9.99642E-05 0.307184 0.0211732 9.99642E-05 0.0207698 9.99642E-05 0.650474 9.99642E-05
0.0174447 9.99551E-05 0.0198842 9.99551E-05 9.99551E-05 0.962171 9.99551E-05 9.99551E-05
9.994E-05 9.994E-05 9.994E-05 9.994E-05 9.994E-05 0.9993 9.994E-05 9.994E-05
9.9964E-05 9.9964E-05 0.144809 0.3672 0.0849387 0.402652 9.9964E-05 9.9964E-05
9.99641E-05 9.99641E-05 9.99641E-05 0.00978982 9.99641E-05 0.0583238 0.916302 0.0151844
9.9964E-05 0.726686 9.9964E-05 0.0413817 9.9964E-05 0.0682927 0.16324 9.9964E-05
0.633256 9.9955E-05 9.9955E-05 9.9955E-05 9.9955E-05 9.9955E-05 0.0526538 0.313591
0.162073 9.9955E-05 9.9955E-05 9.9955E-05 9.9955E-05 9.9955E-05 0.78122 0.0562078
0.116874 9.9955E-05 0.0685523 9.9955E-05 9.9955E-05 9.9955E-05 0.814074 9.9955E-05
9.9955E-05 0.0550353 0.91527 9.9955E-05 9.9955E-05 9.9955E-05 0.0291945 9.9955E-05
9.99731E-05 0.0450143 0.0617039 0.0176683 0.00158729 9.99731E-05 0.873726 9.99731E-05
9.99461E-05 0.215406 9.99461E-05 9.99461E-05 9.99461E-05 9.99461E-05 0.783995 9.99461E-05
9.99461E-05 0.850883 9.99461E-05 9.99461E-05 9.99461E-05 9.99461E-05 0.148518 9.99461E-05
0.924401 9.99461E-05 9.99461E-05 0.0749996 9.99461E-05 9.99461E-05 9.99461E-05 9.99461E-05
9.994E-05 9.994E-05 9.994E-05 9.994E-05 9.994E-05 0.9993 9.994E-05 9.994E-05
9.99461E-05 9.99461E-05 9.99461E-05 0.0477694 0.951631 9.99461E-05 9.99461E-05 9.99461E-05
9.99461E-05 0.920995 9.99461E-05 9.99461E-05 9.99461E-05 9.99461E-05 9.99461E-05 0.0784055
0.807746 9.9955E-05 0.00925847 9.9955E-05 9.9955E-05 9.9955E-05 0.182496 9.9955E-05
9.99462E-05 9.99462E-05 9.99462E-05 9.99462E-05 9.99462E-05 9.99462E-05 0.79271 0.206691
9.994E-05 9.994E-05 9.994E-05 9.994E-05 0.9993 9.994E-05 9.994E-05 9.994E-05
0.187611 9.99551E-05 9.99551E-05 9.99551E-05 9.99551E-05 9.99551E-05 0.192659 0.619229
