9.99731E-05 9.99731E-05 9.99731E-05 0.22115 0.667891 0.110659
9.9964E-05 9.9964E-05 0.0948165 9.9964E-05 0.904784 9.9964E-05
9.9973E-05 9.9973E-05 0.0176463 0.645067 0.336987 9.9973E-05
0.177364 0.0640417 9.99731E-05 9.99731E-05 0.758294 9.99731E-05
9.9973E-05 0.975829 9.9973E-05 0.0218585 0.00201221 9.9973E-05
0.913231 9.99641E-05 9.99641E-05 0.0863693 9.99641E-05 9.99641E-05
9.9973E-05 0.0900434 0.19096 0.718697 9.9973E-05 9.9973E-05
9.99731E-05 9.99731E-05 9.99731E-05 0.0782188 0.921311 0.000170552
0.528724 9.99641E-05 0.470876 9.99641E-05 9.99641E-05 9.99641E-05
9.9964E-05 0.961934 9.9964E-05 0.0376666 9.9964E-05 9.9964E-05
9.99642E-05 0.253089 9.99642E-05 0.746511 9.99642E-05 9.99642E-05
0.141134 9.99641E-05 9.99641E-05 9.99641E-05 0.858467 9.99641E-05
0.113546 0.741104 0.124404 9.99821E-05 0.0207467 9.99821E-05
0.0295131 0.175597 9.99821E-05 0.703146 0.0915435 9.99821E-05
9.99641E-05 0.909856 9.99641E-05 9.99641E-05 9.99641E-05 0.0897446
9.996E-05 9.996E-05 0.9995 9.996E-05 9.996E-05 9.996E-05
0.0797269 0.00314081 9.99731E-05 9.99731E-05 0.916832 9.99731E-05
0.129079 0.251454 0.513795 0.105472 9.9982E-05 9.9982E-05
0.94677 9.9964E-05 9.9964E-05 9.9964E-05 0.0528299 9.9964E-05
9.99641E-05 9.99641E-05 0.0910204 9.99641E-05 9.99641E-05 0.90858
0.0716081 9.9982E-05 0.279554 9.9982E-05 0.00441165 0.644226
0.284645 9.99731E-05 0.534898 9.99731E-05 0.180157 9.99731E-05
9.997E-05 0.158499 0.746307 9.997E-05 9.997E-05 0.0948936
0.102197 9.9982E-05 9.9982E-05 0.25195 0.422134 0.223519
0.0669137 9.99641E-05 9.99641E-05 0.932686 9.99641E-05 9.99641E-05
9.9973E-05 0.719224 0.0969765 9.9973E-05 9.9973E-05 0.183499
0.0657133 9.99731E-05 9.99731E-05 0.269844 0.664143 9.99731E-05
0.605958 0.324174 9.99731E-05 0.0695682 9.99731E-05 9.99731E-05
9.99642E-05 9.99642E-05 0.038229 9.99642E-05 0.961371 9.99642E-05
0.62986 9.99731E-05 9.99731E-05 9.99731E-05 0.357598 0.0122425
9.996E-05 9.996E-05 9.996E-05 0.9995 9.996E-05 9.996E-05
9.996E-05 9.996E-05 9.996E-05 0.9995 9.996E-05 9.996E-05
9.996E-05 0.631812 9.996E-05 0.367788 9.996E-05 9.996E-05
0.932162 9.9973E-05 0.0190516 0.0484861 9.9973E-05 9.9973E-05
0.138959 9.9973E-05 9.9973E-05 0.0339079 0.826833 9.9973E-05
0.0110813 9.9973E-05 0.965354 9.9973E-05 9.9973E-05 0.0232646
0.879687 9.99731E-05 0.115218 9.99731E-05 9.99731E-05 0.00479501
0.913393 9.99641E-05 9.99641E-05 0.0862069 9.99641E-05 9.99641E-05
0.0655201 9.99731E-05 9.99731E-05 0.734683 9.99731E-05 0.199497
0.891281 9.99642E-05 9.99642E-05 9.99642E-05 0.10832 9.99642E-05
0.779387 9.9964E-05 9.9964E-05 9.9964E-05 0.220213 9.9964E-05
0.0960808 9.99641E-05 9.99641E-05 9.99641E-05 0.903519 9.99641E-05
9.996E-05 9.996E-05 9.996E-05 9.996E-05 9.996E-05 0.9995
9.9973E-05 9.9973E-05 0.0034318 0.985801 0.0104673 9.9973E-05
9.99641E-05 0.645467 9.99641E-05 9.99641E-05 9.99641E-05 0.354133
9.996E-05 9.996E-05 0.0507172 9.996E-05 0.948883 9.996E-05
0.226418 9.997E-05 0.420167 9.997E-05 9.997E-05 0.353115
0.718251 9.99641E-05 0.281349 9.99641E-05 9.99641E-05 9.99641E-05
9.99731E-05 0.107844 9.99731E-05 0.0976947 9.99731E-05 0.794162
0.296524 9.9964E-05 9.9964E-05 9.9964E-05 9.9964E-05 0.703076
