0.235582 0.0644395 9.9991E-05 0.699879
9.9982E-05 0.0197181 9.9982E-05 0.980082
0.549305 0.00957695 9.9991E-05 0.441019
0.127964 9.9991E-05 0.155635 0.716301
0.659514 0.340286 9.9982E-05 9.9982E-05
0.085156 9.9982E-05 0.914644 9.9982E-05
0.881838 0.0333252 0.0847369 9.9991E-05
0.0742694 9.99821E-05 9.99821E-05 0.925531
9.9982E-05 0.169621 0.830179 9.9982E-05
0.753946 0.245854 9.9982E-05 9.9982E-05
0.901756 0.0880525 9.99911E-05 0.0100919
9.998E-05 9.998E-05 9.998E-05 0.9997
0.549262 0.279165 0.171474 9.9991E-05
0.831181 9.9991E-05 0.139955 0.0287644
0.338247 0.661553 9.9982E-05 9.9982E-05
0.0444464 0.706827 0.248626 9.9991E-05
9.9982E-05 9.9982E-05 0.0491112 0.950689
0.392946 0.279611 0.327343 9.9991E-05
9.9982E-05 9.9982E-05 0.903296 0.0965037
9.9991E-05 0.760055 0.209818 0.0300273
9.9991E-05 0.723892 0.168742 0.107266
9.9991E-05 0.319324 0.610261 0.0703147
0.0156349 0.877907 0.106358 9.9991E-05
0.211993 0.0835481 0.170252 0.534207
0.860282 9.9991E-05 0.0153224 0.124296
0.210925 0.788875 9.9982E-05 9.9982E-05
0.198638 9.99821E-05 9.99821E-05 0.801162
0.188717 0.226966 0.484459 0.0998576
9.99821E-05 0.02824 9.99821E-05 0.97156
9.99821E-05 9.99821E-05 0.635982 0.363818
0.9997 9.998E-05 9.998E-05 9.998E-05
0.9997 9.998E-05 9.998E-05 9.998E-05
0.890328 0.109473 9.9982E-05 9.9982E-05
0.0775732 9.9982E-05 0.922227 9.9982E-05
0.055232 9.9991E-05 0.071699 0.872969
9.9982E-05 0.653509 0.346291 9.9982E-05
9.9982E-05 0.0780361 0.921764 9.9982E-05
0.0570161 9.9982E-05 0.942784 9.9982E-05
0.808225 0.0402064 0.142416 0.00915293
9.99821E-05 9.99821E-05 0.880298 0.119503
9.9982E-05 9.9982E-05 0.648197 0.351603
9.9982E-05 9.9982E-05 0.0769343 0.922866
9.9982E-05 0.964409 9.9982E-05 0.035391
0.927112 9.9982E-05 9.9982E-05 0.0726883
0.222852 0.776948 9.9982E-05 9.9982E-05
9.9982E-05 0.00360942 9.9982E-05 0.996191
9.9982E-05 0.551284 0.448516 9.9982E-05
9.99821E-05 0.0561079 0.943692 9.99821E-05
0.132018 0.77095 9.9991E-05 0.0969317
9.9982E-05 0.597384 0.402416 9.9982E-05
