0.704648 0.295252 9.9991E-05
0.9998 9.999E-05 9.999E-05
0.507742 0.492158 9.9991E-05
0.772523 0.172774 0.0547031
9.9991E-05 0.836528 0.163372
0.439483 9.9991E-05 0.560417
0.0768092 0.823547 0.099644
0.936877 0.063023 9.9991E-05
0.0430108 9.9991E-05 0.956889
9.9991E-05 0.968886 0.0310141
9.999E-05 0.9998 9.999E-05
0.9998 9.999E-05 9.999E-05
9.9991E-05 0.664278 0.335622
0.177571 0.822329 9.9991E-05
9.9991E-05 0.621579 0.378321
9.9991E-05 0.201139 0.798761
0.9998 9.999E-05 9.999E-05
9.9991E-05 0.354165 0.645735
0.494841 9.9991E-05 0.505059
9.9991E-05 0.12705 0.87285
9.9991E-05 0.11428 0.88562
0.284397 9.9991E-05 0.715503
9.9991E-05 0.3138 0.6861
0.505251 0.292383 0.202366
0.20025 0.79965 9.9991E-05
9.9991E-05 0.535082 0.464818
0.733769 0.266131 9.9991E-05
0.196236 0.233181 0.570584
0.995992 0.0039076 9.99911E-05
0.701956 9.9991E-05 0.297944
0.121186 0.878714 9.9991E-05
0.0184489 0.981451 9.9991E-05
9.999E-05 0.9998 9.999E-05
0.390469 9.9991E-05 0.609431
0.936439 0.0634614 9.9991E-05
9.9991E-05 0.0965067 0.903393
0.295878 9.9991E-05 0.704022
0.383506 9.9991E-05 0.616394
0.185545 0.764466 0.0499886
0.508605 9.9991E-05 0.491295
0.723551 9.9991E-05 0.276349
0.9998 9.999E-05 9.999E-05
9.9991E-05 0.119179 0.880721
0.159566 0.840334 9.9991E-05
9.9991E-05 0.576934 0.422966
0.972264 0.0276356 9.9991E-05
9.999E-05 9.999E-05 0.9998
0.190642 9.9991E-05 0.809258
9.9991E-05 0.440599 0.559301
9.9991E-05 0.0871576 0.912742
