0.00531297 0.203757 9.99551E-05 9.99551E-05 0.0127243 9.99551E-05 9.99551E-05 0.777706 9.99551E-05
9.9937E-05 9.9937E-05 9.9937E-05 9.9937E-05 9.9937E-05 9.9937E-05 0.111545 0.887756 9.9937E-05
9.99371E-05 0.571984 9.99371E-05 9.99371E-05 9.99371E-05 9.99371E-05 9.99371E-05 0.427317 9.99371E-05
9.993E-05 9.993E-05 9.993E-05 9.993E-05 9.993E-05 9.993E-05 0.999201 9.993E-05 9.993E-05
9.9955E-05 0.0462195 9.9955E-05 9.9955E-05 0.696972 0.207288 0.0490211 9.9955E-05 9.9955E-05
9.9946E-05 0.0198382 0.796652 9.9946E-05 9.9946E-05 9.9946E-05 9.9946E-05 0.18291 9.9946E-05
0.0724403 0.034595 9.9955E-05 9.9955E-05 9.9955E-05 0.693253 0.199212 9.9955E-05 9.9955E-05
9.99551E-05 0.0191176 9.99551E-05 9.99551E-05 9.99551E-05 0.0312172 9.99551E-05 0.530334 0.418831
0.595529 9.99372E-05 0.403771 9.99372E-05 9.99372E-05 9.99372E-05 9.99372E-05 9.99372E-05 9.99372E-05
9.9937E-05 9.9937E-05 9.9937E-05 9.9937E-05 0.161741 0.837559 9.9937E-05 9.9937E-05 9.9937E-05
9.993E-05 9.993E-05 9.993E-05 9.993E-05 9.993E-05 0.999201 9.993E-05 9.993E-05 9.993E-05
9.99371E-05 9.99371E-05 9.99371E-05 9.99371E-05 9.99371E-05 9.99371E-05 9.99371E-05 0.217341 0.781959
0.0992014 0.177063 0.0260613 9.99731E-05 0.577421 0.0200875 0.0998655 9.99731E-05 9.99731E-05
9.99551E-05 0.284358 9.99551E-05 9.99551E-05 0.00125819 0.225133 0.488751 9.99551E-05 9.99551E-05
9.993E-05 9.993E-05 9.993E-05 9.993E-05 0.999201 9.993E-05 9.993E-05 9.993E-05 9.993E-05
0.999201 9.993E-05 9.993E-05 9.993E-05 9.993E-05 9.993E-05 9.993E-05 9.993E-05 9.993E-05
9.99371E-05 0.00145915 9.99371E-05 9.99371E-05 9.99371E-05 9.99371E-05 9.99371E-05 9.99371E-05 0.997841
0.524051 9.9946E-05 0.0952269 9.9946E-05 9.9946E-05 0.380123 9.9946E-05 9.9946E-05 9.9946E-05
9.993E-05 9.993E-05 0.871897 9.993E-05 9.993E-05 9.993E-05 9.993E-05 0.127403 9.993E-05
9.993E-05 9.993E-05 9.993E-05 0.999201 9.993E-05 9.993E-05 9.993E-05 9.993E-05 9.993E-05
9.99372E-05 9.99372E-05 9.99372E-05 0.941539 9.99372E-05 9.99372E-05 9.99372E-05 9.99372E-05 0.057761
0.468413 9.99551E-05 0.157045 9.99551E-05 9.99551E-05 0.0171012 9.99551E-05 9.99551E-05 0.356942
0.679034 0.0016021 9.99461E-05 9.99461E-05 0.318764 9.99461E-05 9.99461E-05 9.99461E-05 9.99461E-05
9.9955E-05 9.9955E-05 9.9955E-05 0.215894 9.9955E-05 0.0529285 0.629675 9.9955E-05 0.101003
9.99371E-05 0.958652 0.0406488 9.99371E-05 9.99371E-05 9.99371E-05 9.99371E-05 9.99371E-05 9.99371E-05
0.0919004 0.0712936 9.9955E-05 0.0752876 0.761019 9.9955E-05 9.9955E-05 9.9955E-05 9.9955E-05
9.993E-05 9.993E-05 9.993E-05 9.993E-05 9.993E-05 9.993E-05 0.999201 9.993E-05 9.993E-05
9.99551E-05 9.99551E-05 0.433598 9.99551E-05 0.351004 0.00349861 0.211399 9.99551E-05 9.99551E-05
9.993E-05 9.993E-05 9.993E-05 9.993E-05 9.993E-05 9.993E-05 9.993E-05 0.999201 9.993E-05
9.99462E-05 9.99462E-05 0.46237 0.033413 9.99462E-05 9.99462E-05 9.99462E-05 9.99462E-05 0.503617
9.99371E-05 0.661048 9.99371E-05 9.99371E-05 9.99371E-05 0.338253 9.99371E-05 9.99371E-05 9.99371E-05
9.993E-05 0.999201 9.993E-05 9.993E-05 9.993E-05 9.993E-05 9.993E-05 9.993E-05 9.993E-05
9.9955E-05 0.0239635 9.9955E-05 9.9955E-05 0.0976217 0.874681 9.9955E-05 9.9955E-05 0.00323411
0.0617277 0.0714614 0.866211 9.99461E-05 9.99461E-05 9.99461E-05 9.99461E-05 9.99461E-05 9.99461E-05
9.9937E-05 9.9937E-05 9.9937E-05 9.9937E-05 9.9937E-05 9.9937E-05 0.446943 9.9937E-05 0.552358
0.947788 9.99371E-05 9.99371E-05 0.0515125 9.99371E-05 9.99371E-05 9.99371E-05 9.99371E-05 9.99371E-05
0.0974626 9.99461E-05 0.81104 0.0908978 9.99461E-05 9.99461E-05 9.99461E-05 9.99461E-05 9.99461E-05
0.0451616 9.99551E-05 0.906217 9.99551E-05 9.99551E-05 0.0435873 9.99551E-05 0.00453447 9.99551E-05
9.994E-05 9.994E-05 0.0693334 9.994E-05 9.994E-05 0.743186 9.994E-05 0.186881 9.994E-05
9.99641E-05 9.99641E-05 0.790263 0.00999086 0.0504972 9.99641E-05 0.0321093 9.99641E-05 0.11674
9.99371E-05 9.99371E-05 0.693878 9.99371E-05 9.99371E-05 9.99371E-05 9.99371E-05 9.99371E-05 0.305422
9.993E-05 9.993E-05 9.993E-05 9.993E-05 9.993E-05 9.993E-05 9.993E-05 9.993E-05 0.999201
9.99372E-05 9.99372E-05 9.99372E-05 0.912409 0.0868911 9.99372E-05 9.99372E-05 9.99372E-05 9.99372E-05
9.99371E-05 0.985659 0.0136412 9.99371E-05 9.99371E-05 9.99371E-05 9.99371E-05 9.99371E-05 9.99371E-05
9.993E-05 9.993E-05 9.993E-05 9.993E-05 0.999201 9.993E-05 9.993E-05 9.993E-05 9.993E-05
0.0568727 9.99461E-05 9.99461E-05 9.99461E-05 9.99461E-05 9.99461E-05 9.99461E-05 0.320901 0.621626
0.694224 9.9955E-05 0.12736 0.142342 9.9955E-05 9.9955E-05 9.9955E-05 0.035574 9.9955E-05
0.139457 9.99462E-05 0.849539 9.99462E-05 0.0104037 9.99462E-05 9.99462E-05 9.99462E-05 9.99462E-05
9.99372E-05 9.99372E-05 9.99372E-05 9.99372E-05 0.859568 9.99372E-05 9.99372E-05 0.139733 9.99372E-05
9.99551E-05 9.99551E-05 0.0993838 0.866645 9.99551E-05 0.0153845 9.99551E-05 9.99551E-05 0.0180873
