0.12148 9.9973E-05 9.9973E-05 0.614766 9.9973E-05 0.263454
0.0719179 9.9964E-05 9.9964E-05 0.927682 9.9964E-05 9.9964E-05
0.0407811 9.9973E-05 9.9973E-05 0.335464 9.9973E-05 0.623455
9.99844E-05 0.244948 9.99844E-05 0.609276 0.0578399 0.0877366
9.997E-05 9.997E-05 0.482591 9.997E-05 0.472 0.045109
0.0479134 0.836959 9.9982E-05 0.0356947 9.9982E-05 0.079233
0.0185493 0.0923792 9.9982E-05 9.9982E-05 0.686603 0.202268
9.99731E-05 9.99731E-05 9.99731E-05 0.952965 0.0329176 0.0138176
0.479355 0.520245 9.99641E-05 9.99641E-05 9.99641E-05 9.99641E-05
9.996E-05 9.996E-05 9.996E-05 9.996E-05 0.9995 9.996E-05
9.996E-05 9.996E-05 9.996E-05 9.996E-05 0.9995 9.996E-05
9.9964E-05 0.179052 9.9964E-05 0.820548 9.9964E-05 9.9964E-05
9.9982E-05 0.00173953 0.815094 0.054551 9.9982E-05 0.128415
9.99821E-05 0.0607456 9.99821E-05 0.119421 0.29839 0.521243
9.99641E-05 9.99641E-05 0.898201 9.99641E-05 0.101399 9.99641E-05
0.944267 9.99641E-05 9.99641E-05 9.99641E-05 9.99641E-05 0.0553336
9.99731E-05 0.134912 9.99731E-05 0.815069 0.049719 9.99731E-05
0.425128 0.117018 9.9973E-05 9.9973E-05 0.457554 9.9973E-05
9.9964E-05 0.941247 9.9964E-05 0.0583535 9.9964E-05 9.9964E-05
0.954111 9.99642E-05 0.0454889 9.99642E-05 9.99642E-05 9.99642E-05
0.698485 0.135198 0.165993 0.000123444 9.9982E-05 9.9982E-05
0.354876 0.488866 9.9982E-05 0.0635366 0.0925214 9.9982E-05
0.813046 9.9982E-05 0.0560761 9.9982E-05 0.105868 0.0248098
0.000999902 0.236413 0.0562749 0.40047 0.189469 0.116373
9.9973E-05 0.0234036 0.0140776 9.9973E-05 9.9973E-05 0.962219
0.172158 9.9982E-05 0.787173 9.9982E-05 0.00226909 0.0381997
9.99731E-05 0.126494 9.99731E-05 0.554628 9.99731E-05 0.318578
9.99821E-05 0.524543 0.418752 0.0252932 9.99821E-05 0.0312116
0.0537906 9.99642E-05 9.99642E-05 0.94581 9.99642E-05 9.99642E-05
0.0934839 0.564885 9.99731E-05 0.341331 9.99731E-05 9.99731E-05
9.99641E-05 9.99641E-05 9.99641E-05 9.99641E-05 0.270673 0.728927
9.996E-05 9.996E-05 9.996E-05 9.996E-05 9.996E-05 0.9995
9.9973E-05 9.9973E-05 0.0443673 9.9973E-05 0.881169 0.0741637
9.99641E-05 0.914234 9.99641E-05 9.99641E-05 9.99641E-05 0.0853664
9.9973E-05 0.183105 9.9973E-05 0.716045 9.9973E-05 0.10055
0.994507 9.9964E-05 9.9964E-05 9.9964E-05 9.9964E-05 0.00509345
0.168823 0.830777 9.9964E-05 9.9964E-05 9.9964E-05 9.9964E-05
9.99641E-05 0.945199 9.99641E-05 9.99641E-05 0.0544013 9.99641E-05
9.99731E-05 0.0372151 9.99731E-05 0.186034 0.776451 9.99731E-05
9.99731E-05 0.932422 0.0461816 0.0210965 9.99731E-05 9.99731E-05
9.99641E-05 0.785587 9.99641E-05 0.214013 9.99641E-05 9.99641E-05
9.9964E-05 0.24563 9.9964E-05 0.75397 9.9964E-05 9.9964E-05
0.759138 9.99641E-05 0.240462 9.99641E-05 9.99641E-05 9.99641E-05
9.996E-05 9.996E-05 9.996E-05 9.996E-05 9.996E-05 0.9995
9.996E-05 9.996E-05 0.9995 9.996E-05 9.996E-05 9.996E-05
0.0523618 9.99641E-05 9.99641E-05 0.947238 9.99641E-05 9.99641E-05
0.847632 0.151969 9.9964E-05 9.9964E-05 9.9964E-05 9.9964E-05
0.0717964 0.840306 0.0875979 9.99731E-05 9.99731E-05 9.99731E-05
9.99641E-05 9.99641E-05 0.954041 0.0455594 9.99641E-05 9.99641E-05
0.721109 0.205766 9.99731E-05 9.99731E-05 0.0728253 9.99731E-05
