0.133302 0.0822166 9.9991E-05 0.784381
9.9982E-05 0.0378212 9.9982E-05 0.961979
0.506736 0.0213945 9.9991E-05 0.47177
0.177431 9.9991E-05 0.361663 0.460806
0.660695 0.339106 9.9982E-05 9.9982E-05
0.0639238 9.9982E-05 0.935876 9.9982E-05
0.868444 0.00957647 0.12188 9.9991E-05
9.998E-05 9.998E-05 9.998E-05 0.9997
9.9982E-05 0.37017 0.62963 9.9982E-05
0.79513 0.20467 9.9982E-05 9.9982E-05
0.9997 9.998E-05 9.998E-05 9.998E-05
9.9982E-05 9.9982E-05 0.0425187 0.957281
0.530459 0.398888 0.0705528 9.9991E-05
0.831478 9.9991E-05 0.0439864 0.124435
0.475527 0.524273 9.9982E-05 9.9982E-05
0.092845 0.787135 0.103305 0.0167156
0.0477532 9.9991E-05 0.143599 0.808547
0.336176 0.383441 0.280283 9.9991E-05
9.998E-05 9.998E-05 0.9997 9.998E-05
9.9982E-05 0.982801 0.0169992 9.9982E-05
9.9991E-05 0.787349 0.188362 0.0241898
9.9991E-05 0.373225 0.56201 0.0646651
0.0701575 0.884201 0.041819 0.00382202
0.314215 0.0949631 0.230852 0.359971
0.778646 9.9991E-05 0.0799946 0.141259
0.315236 0.684564 9.9982E-05 9.9982E-05
0.259253 9.9991E-05 0.0690704 0.671576
0.240085 0.141245 0.61857 9.9991E-05
9.99821E-05 0.0332007 9.99821E-05 0.966599
9.99821E-05 9.99821E-05 0.719553 0.280247
0.923661 9.9982E-05 9.9982E-05 0.0761392
0.9997 9.998E-05 9.998E-05 9.998E-05
0.957741 0.042059 9.9982E-05 9.9982E-05
0.0460347 9.9982E-05 0.953765 9.9982E-05
0.0674356 9.9991E-05 0.182882 0.749582
9.9982E-05 0.821799 0.178001 9.9982E-05
9.9982E-05 0.139374 0.860426 9.9982E-05
0.0582575 9.9982E-05 0.941543 9.9982E-05
0.675929 0.0760721 0.0603713 0.187628
9.99821E-05 9.99821E-05 0.907815 0.0919852
9.9982E-05 9.9982E-05 0.802199 0.197601
9.9982E-05 9.9982E-05 0.1198 0.88
9.998E-05 0.9997 9.998E-05 9.998E-05
0.839334 9.9982E-05 9.9982E-05 0.160466
0.295252 0.704548 9.9982E-05 9.9982E-05
9.9982E-05 0.0311954 9.9982E-05 0.968605
9.9982E-05 0.657286 0.342514 9.9982E-05
9.99821E-05 0.187538 0.812262 9.99821E-05
0.198119 0.707176 9.9991E-05 0.0946047
9.9982E-05 0.670423 0.329378 9.9982E-05
