0.133725 9.9991E-05 0.101448 0.764727
9.998E-05 9.998E-05 9.998E-05 0.9997
0.505876 9.9991E-05 0.0115741 0.48245
0.162664 0.229436 9.9991E-05 0.6078
0.553313 9.9982E-05 0.446487 9.9982E-05
0.10159 0.820332 9.9991E-05 0.0779778
0.872601 0.0923366 0.0349625 9.9991E-05
0.00475376 9.99821E-05 9.99821E-05 0.995046
9.99821E-05 0.838401 0.161399 9.99821E-05
0.697527 9.9982E-05 0.302273 9.9982E-05
0.936061 9.99821E-05 0.0637394 9.99821E-05
9.9982E-05 0.0549975 9.9982E-05 0.944803
0.450415 0.104704 0.444781 9.9991E-05
0.903837 0.0842351 9.9991E-05 0.0118278
0.30863 9.9982E-05 0.69117 9.9982E-05
0.0478512 0.316764 0.635285 9.9991E-05
0.0161696 0.13786 9.9991E-05 0.84587
0.265622 0.379974 0.354304 9.9991E-05
9.9982E-05 0.993695 9.9982E-05 0.00610505
9.9982E-05 0.224147 0.775653 9.9982E-05
9.9982E-05 0.368448 0.631352 9.9982E-05
9.9991E-05 0.652219 0.259506 0.0881744
0.067577 0.177007 0.755316 9.9991E-05
0.223569 0.322291 0.0702642 0.383876
0.861127 0.0428613 9.9991E-05 0.0959118
0.186388 9.9982E-05 0.813412 9.9982E-05
0.304923 9.9982E-05 9.9982E-05 0.694877
0.226458 0.620669 0.152774 9.9991E-05
9.99821E-05 9.99821E-05 0.0206668 0.979133
9.99821E-05 0.687808 9.99821E-05 0.311993
0.9997 9.998E-05 9.998E-05 9.998E-05
0.9997 9.998E-05 9.998E-05 9.998E-05
0.88546 9.9982E-05 0.11434 9.9982E-05
0.0347443 0.965056 9.9982E-05 9.9982E-05
0.0589432 0.0436521 9.9991E-05 0.897305
9.9982E-05 0.415516 0.584284 9.9982E-05
9.9991E-05 0.956037 0.0423729 0.00148993
0.0419618 0.957838 9.9982E-05 9.9982E-05
0.683801 0.122307 0.0817686 0.112123
9.9991E-05 0.816132 0.0400518 0.143716
9.9982E-05 0.683328 9.9982E-05 0.316472
9.9982E-05 0.146071 9.9982E-05 0.853729
9.9982E-05 9.9982E-05 0.931433 0.0683673
0.877206 9.9982E-05 9.9982E-05 0.122594
0.170829 9.9982E-05 0.828971 9.9982E-05
9.9991E-05 0.0156862 0.00857552 0.975638
9.9982E-05 0.425535 0.574265 9.9982E-05
9.99821E-05 0.902394 0.0974056 9.99821E-05
0.0500911 9.9991E-05 0.778731 0.171078
9.9982E-05 0.481362 0.518438 9.9982E-05
