0.693555 0.27826 0.0280854 9.9991E-05
0.997195 9.9982E-05 0.00260471 9.9982E-05
0.467997 0.505443 0.0264252 0.000134686
0.55332 0.247576 9.9991E-05 0.199005
9.9982E-05 0.486758 0.513042 9.9982E-05
0.0322135 0.100719 9.9991E-05 0.866968
9.999E-05 0.836721 0.0925327 0.0706465
0.929166 0.0706341 9.99821E-05 9.99821E-05
9.99821E-05 9.99821E-05 0.14844 0.85136
9.9982E-05 0.643359 0.356441 9.9982E-05
9.99821E-05 0.895509 0.104291 9.99821E-05
0.992149 9.9982E-05 9.9982E-05 0.00765071
9.999E-05 0.475905 0.43089 0.093105
0.0515833 0.890442 9.9991E-05 0.0578748
9.9982E-05 0.311294 0.688506 9.9982E-05
0.0165477 9.9991E-05 0.801237 0.182115
0.997217 9.9982E-05 9.9982E-05 0.00258312
9.9991E-05 0.289589 0.390229 0.320082
0.0636862 9.9982E-05 9.9982E-05 0.936114
9.9982E-05 9.9982E-05 0.709815 0.289985
0.0344139 9.9991E-05 0.668502 0.296984
0.16169 9.9991E-05 0.268149 0.57006
9.9991E-05 0.0158108 0.879333 0.104756
0.54142 0.220115 0.111069 0.127396
9.99821E-05 0.845682 9.99821E-05 0.154118
9.9982E-05 0.142827 0.856973 9.9982E-05
0.672197 0.263701 9.9991E-05 0.0640019
0.0648561 0.280128 0.120829 0.534186
0.989495 9.99821E-05 0.0103049 9.99821E-05
0.411451 9.99821E-05 9.99821E-05 0.588349
9.998E-05 0.9997 9.998E-05 9.998E-05
9.998E-05 0.9997 9.998E-05 9.998E-05
9.9982E-05 0.822571 0.177229 9.9982E-05
9.9982E-05 0.0493973 9.9982E-05 0.950403
0.816234 0.0568076 9.9991E-05 0.126859
9.9982E-05 9.9982E-05 0.591425 0.408375
9.9982E-05 9.9982E-05 0.0930679 0.906732
0.0554145 0.0658844 9.9991E-05 0.878601
0.0664808 0.65902 0.123893 0.150606
0.216763 9.9991E-05 0.00587106 0.777266
0.3034 9.9982E-05 9.9982E-05 0.6964
0.955474 9.9982E-05 9.9982E-05 0.0443262
0.0140137 9.9991E-05 0.941219 0.0446677
0.021631 0.978169 9.9982E-05 9.9982E-05
9.9982E-05 0.223079 0.776721 9.9982E-05
0.998254 9.99821E-05 0.00154575 9.99821E-05
9.9982E-05 9.9982E-05 0.473229 0.526571
9.99821E-05 9.99821E-05 0.125131 0.874669
0.11911 0.0250095 0.85578 9.9991E-05
9.9982E-05 9.9982E-05 0.600201 0.399599
