0.306632 9.99461E-05 0.0948652 9.99461E-05 0.0751605 9.99461E-05 9.99461E-05 0.522743 9.99461E-05 9.99461E-05
9.9928E-05 0.0590015 9.9928E-05 9.9928E-05 9.9928E-05 9.9928E-05 9.9928E-05 0.940199 9.9928E-05 9.9928E-05
0.597322 9.99371E-05 9.99371E-05 9.99371E-05 9.99371E-05 0.0180116 9.99371E-05 0.383966 9.99371E-05 9.99371E-05
9.99282E-05 0.919336 9.99282E-05 0.0798645 9.99282E-05 9.99282E-05 9.99282E-05 9.99282E-05 9.99282E-05 9.99282E-05
9.99371E-05 9.99371E-05 0.0953037 9.99371E-05 9.99371E-05 9.99371E-05 9.99371E-05 9.99371E-05 0.848961 0.0550357
0.0244959 9.9946E-05 9.9946E-05 0.802528 9.9946E-05 9.9946E-05 0.030075 0.142301 9.9946E-05 9.9946E-05
0.271949 0.0973179 9.9964E-05 9.9964E-05 9.9964E-05 0.0411363 0.0152919 0.0368449 0.53706 9.9964E-05
0.0437217 0.00298542 9.99551E-05 9.99551E-05 0.251703 9.99551E-05 0.0429031 0.658187 9.99551E-05 9.99551E-05
9.993E-05 9.993E-05 0.205885 0.643342 9.993E-05 0.150073 9.993E-05 9.993E-05 9.993E-05 9.993E-05
9.99201E-05 9.99201E-05 9.99201E-05 9.99201E-05 9.99201E-05 9.99201E-05 9.99201E-05 9.99201E-05 0.999101 9.99201E-05
9.99201E-05 9.99201E-05 9.99201E-05 9.99201E-05 9.99201E-05 9.99201E-05 0.999101 9.99201E-05 9.99201E-05 9.99201E-05
9.99281E-05 9.99281E-05 9.99281E-05 9.99281E-05 0.820761 9.99281E-05 9.99281E-05 0.17844 9.99281E-05 9.99281E-05
0.128888 0.0127532 9.9955E-05 9.9955E-05 0.00469685 9.9955E-05 9.9955E-05 9.9955E-05 0.000915449 0.852247
0.667387 0.130896 0.00961581 9.99461E-05 9.99461E-05 9.99461E-05 9.99461E-05 9.99461E-05 0.191501 9.99461E-05
9.99282E-05 9.99282E-05 9.99282E-05 9.99282E-05 9.99282E-05 9.99282E-05 9.99282E-05 9.99282E-05 0.287659 0.711541
9.99201E-05 9.99201E-05 9.99201E-05 9.99201E-05 9.99201E-05 0.999101 9.99201E-05 9.99201E-05 9.99201E-05 9.99201E-05
9.99281E-05 0.0363092 9.99281E-05 9.99281E-05 0.962891 9.99281E-05 9.99281E-05 9.99281E-05 9.99281E-05 9.99281E-05
9.99461E-05 9.99461E-05 9.99461E-05 0.287384 9.99461E-05 0.275409 9.99461E-05 9.99461E-05 0.408717 0.0278907
9.99201E-05 9.99201E-05 9.99201E-05 0.877852 9.99201E-05 9.99201E-05 9.99201E-05 0.121348 9.99201E-05 9.99201E-05
9.99201E-05 9.99201E-05 0.999101 9.99201E-05 9.99201E-05 9.99201E-05 9.99201E-05 9.99201E-05 9.99201E-05 9.99201E-05
9.99551E-05 9.99551E-05 0.787328 0.0380458 0.128014 0.032597 9.99551E-05 9.99551E-05 0.0135153 9.99551E-05
9.99551E-05 9.99551E-05 0.107384 0.0385763 0.490159 0.362974 9.99551E-05 9.99551E-05 9.99551E-05 0.000406752
9.99281E-05 9.99281E-05 9.99281E-05 9.99281E-05 9.99281E-05 0.906962 9.99281E-05 9.99281E-05 9.99281E-05 0.0922383
9.9946E-05 0.618142 0.199779 9.9946E-05 0.0448017 9.9946E-05 0.136677 9.9946E-05 9.9946E-05 9.9946E-05
0.922715 9.99371E-05 9.99371E-05 0.0230802 9.99371E-05 9.99371E-05 9.99371E-05 9.99371E-05 9.99371E-05 0.0535049
9.9937E-05 9.9937E-05 0.42014 9.9937E-05 9.9937E-05 9.9937E-05 9.9937E-05 9.9937E-05 0.35164 0.22752
9.99201E-05 0.999101 9.99201E-05 9.99201E-05 9.99201E-05 9.99201E-05 9.99201E-05 9.99201E-05 9.99201E-05 9.99201E-05
0.0317654 0.0386225 9.99641E-05 0.457871 0.204616 0.0553287 9.99641E-05 9.99641E-05 0.211397 9.99641E-05
9.99201E-05 9.99201E-05 9.99201E-05 9.99201E-05 9.99201E-05 9.99201E-05 9.99201E-05 0.999101 9.99201E-05 9.99201E-05
9.99462E-05 0.0395089 0.0023508 0.514777 0.442763 9.99462E-05 9.99462E-05 9.99462E-05 9.99462E-05 9.99462E-05
0.640533 9.99461E-05 9.99461E-05 9.99461E-05 0.0249329 9.99461E-05 0.236206 9.99461E-05 0.0977289 9.99461E-05
0.935654 9.99281E-05 9.99281E-05 9.99281E-05 9.99281E-05 9.99281E-05 9.99281E-05 9.99281E-05 0.063547 9.99281E-05
9.99371E-05 0.0306383 9.99371E-05 9.99371E-05 9.99371E-05 9.99371E-05 0.144534 9.99371E-05 0.824128 9.99371E-05
0.0848645 0.0122736 9.99461E-05 0.853762 9.99461E-05 0.0484997 9.99461E-05 9.99461E-05 9.99461E-05 9.99461E-05
9.9928E-05 0.560525 9.9928E-05 9.9928E-05 0.438676 9.9928E-05 9.9928E-05 9.9928E-05 9.9928E-05 9.9928E-05
9.99461E-05 9.99461E-05 0.322645 0.0700789 9.99461E-05 0.585833 9.99461E-05 0.0208433 9.99461E-05 9.99461E-05
9.99461E-05 9.99461E-05 0.0605036 0.86941 9.99461E-05 0.0184117 9.99461E-05 0.0510751 9.99461E-05 9.99461E-05
0.0107888 9.9955E-05 9.9955E-05 0.809648 9.9955E-05 0.0531159 0.0500522 0.0758956 9.9955E-05 9.9955E-05
9.99371E-05 9.99371E-05 9.99371E-05 0.0665512 9.99371E-05 9.99371E-05 0.911101 0.0216486 9.99371E-05 9.99371E-05
9.99461E-05 0.0972483 9.99461E-05 0.686896 0.177367 9.99461E-05 9.99461E-05 9.99461E-05 9.99461E-05 0.0378894
9.99281E-05 9.99281E-05 9.99281E-05 0.630862 0.368339 9.99281E-05 9.99281E-05 9.99281E-05 9.99281E-05 9.99281E-05
9.99201E-05 9.99201E-05 9.99201E-05 9.99201E-05 0.999101 9.99201E-05 9.99201E-05 9.99201E-05 9.99201E-05 9.99201E-05
9.99201E-05 9.99201E-05 0.999101 9.99201E-05 9.99201E-05 9.99201E-05 9.99201E-05 9.99201E-05 9.99201E-05 9.99201E-05
0.999101 9.99201E-05 9.99201E-05 9.99201E-05 9.99201E-05 9.99201E-05 9.99201E-05 9.99201E-05 9.99201E-05 9.99201E-05
9.99371E-05 9.99371E-05 0.349478 9.99371E-05 9.99371E-05 9.99371E-05 9.99371E-05 9.99371E-05 0.426096 0.223726
9.99371E-05 0.113276 9.99371E-05 9.99371E-05 0.459921 9.99371E-05 9.99371E-05 0.426103 9.99371E-05 9.99371E-05
9.9946E-05 9.9946E-05 0.412392 0.226628 9.9946E-05 0.336856 0.0235248 9.9946E-05 9.9946E-05 9.9946E-05
9.99372E-05 9.99372E-05 9.99372E-05 0.880481 9.99372E-05 0.107992 9.99372E-05 9.99372E-05 9.99372E-05 0.0108271
9.99201E-05 9.99201E-05 9.99201E-05 9.99201E-05 9.99201E-05 9.99201E-05 9.99201E-05 9.99201E-05 9.99201E-05 0.999101
9.99641E-05 9.99641E-05 0.503765 0.277384 0.0479363 0.093138 0.0249462 9.99641E-05 0.0524308 9.99641E-05
