0.259336 0.740564 9.9991E-05
9.999E-05 0.9998 9.999E-05
0.516357 0.483543 9.9991E-05
0.167148 0.832752 9.9991E-05
0.801559 9.9991E-05 0.198341
9.999E-05 0.522656 0.477244
0.903554 0.0383789 0.0580673
0.0524081 0.947492 9.9991E-05
9.9991E-05 0.105745 0.894155
0.93269 9.9991E-05 0.0672099
0.9998 9.999E-05 9.999E-05
9.999E-05 0.9998 9.999E-05
0.614831 9.9991E-05 0.385069
0.868304 0.131596 9.9991E-05
0.649987 9.9991E-05 0.349913
0.148724 9.9991E-05 0.851176
0.0343383 0.965562 9.9991E-05
0.370867 9.9991E-05 0.629033
9.9991E-05 0.607105 0.392795
0.0903141 9.9991E-05 0.909586
0.0468652 9.9991E-05 0.953035
9.9991E-05 0.240588 0.759312
0.214906 9.9991E-05 0.784994
0.310876 0.558948 0.130176
0.773855 0.226045 9.9991E-05
0.499036 9.9991E-05 0.500864
0.243876 0.756024 9.9991E-05
0.168367 0.271804 0.559829
9.999E-05 0.9998 9.999E-05
9.9991E-05 0.738412 0.261488
0.9998 9.999E-05 9.999E-05
0.964519 0.0353807 9.9991E-05
0.9998 9.999E-05 9.999E-05
9.9991E-05 0.426534 0.573366
0.0840477 0.915852 9.9991E-05
0.0216088 9.9991E-05 0.978291
9.9991E-05 0.346383 0.653517
9.9991E-05 0.468814 0.531086
0.77091 0.168795 0.0602949
9.9991E-05 0.614569 0.385331
9.9991E-05 0.82222 0.17768
9.999E-05 0.9998 9.999E-05
9.999E-05 9.999E-05 0.9998
0.793038 0.206862 9.9991E-05
0.526071 9.9991E-05 0.473829
0.0766949 0.923205 9.9991E-05
9.999E-05 9.999E-05 0.9998
9.9991E-05 0.202498 0.797402
0.388531 9.9991E-05 0.611369
0.0374461 0.0414722 0.921082
