9.9937E-05 9.9937E-05 9.9937E-05 9.9937E-05 0.716326 0.123644 9.9937E-05 9.9937E-05 0.15933 9.9937E-05
9.99281E-05 9.99281E-05 9.99281E-05 0.0193596 0.979841 9.99281E-05 9.99281E-05 9.99281E-05 9.99281E-05 9.99281E-05
0.0456073 9.9937E-05 9.9937E-05 9.9937E-05 0.425956 0.527737 9.9937E-05 9.9937E-05 9.9937E-05 9.9937E-05
9.99462E-05 9.99462E-05 0.0154254 0.0767233 9.99462E-05 9.99462E-05 0.843464 9.99462E-05 9.99462E-05 0.0637875
9.99371E-05 9.99371E-05 9.99371E-05 9.99371E-05 9.99371E-05 0.0400077 0.0277901 0.931503 9.99371E-05 9.99371E-05
9.99371E-05 9.99371E-05 9.99371E-05 0.883044 0.0753354 0.0409213 9.99371E-05 9.99371E-05 9.99371E-05 9.99371E-05
9.9937E-05 0.603415 9.9937E-05 9.9937E-05 9.9937E-05 0.171731 9.9937E-05 9.9937E-05 0.224154 9.9937E-05
9.99551E-05 0.0321093 0.0101877 9.99551E-05 0.652661 0.054063 0.250479 9.99551E-05 9.99551E-05 9.99551E-05
9.99281E-05 9.99281E-05 9.99281E-05 0.0679812 9.99281E-05 9.99281E-05 9.99281E-05 9.99281E-05 0.931219 9.99281E-05
9.99281E-05 0.553367 9.99281E-05 9.99281E-05 9.99281E-05 9.99281E-05 9.99281E-05 0.445833 9.99281E-05 9.99281E-05
9.99201E-05 0.999101 9.99201E-05 9.99201E-05 9.99201E-05 9.99201E-05 9.99201E-05 9.99201E-05 9.99201E-05 9.99201E-05
9.99371E-05 9.99371E-05 9.99371E-05 0.0865647 0.481563 9.99371E-05 0.431173 9.99371E-05 9.99371E-05 9.99371E-05
9.99371E-05 0.015854 9.99371E-05 9.99371E-05 9.99371E-05 0.0375411 9.99371E-05 9.99371E-05 9.99371E-05 0.945905
9.99551E-05 0.295087 9.99551E-05 9.99551E-05 9.99551E-05 0.327229 0.147605 0.154349 0.0752306 9.99551E-05
9.99201E-05 9.99201E-05 9.99201E-05 9.99201E-05 9.99201E-05 9.99201E-05 9.99201E-05 0.999101 9.99201E-05 9.99201E-05
0.999101 9.99201E-05 9.99201E-05 9.99201E-05 9.99201E-05 9.99201E-05 9.99201E-05 9.99201E-05 9.99201E-05 9.99201E-05
9.99371E-05 9.99371E-05 9.99371E-05 0.0442257 0.155383 9.99371E-05 0.799692 9.99371E-05 9.99371E-05 9.99371E-05
0.523913 0.245216 9.9946E-05 0.15248 9.9946E-05 9.9946E-05 9.9946E-05 0.0777921 9.9946E-05 9.9946E-05
9.99281E-05 9.99281E-05 9.99281E-05 0.986351 0.0128498 9.99281E-05 9.99281E-05 9.99281E-05 9.99281E-05 9.99281E-05
9.99201E-05 9.99201E-05 0.999101 9.99201E-05 9.99201E-05 9.99201E-05 9.99201E-05 9.99201E-05 9.99201E-05 9.99201E-05
0.259375 9.99551E-05 0.532164 9.99551E-05 9.99551E-05 9.99551E-05 0.0232474 9.99551E-05 0.114383 0.0703307
9.99201E-05 9.99201E-05 9.99201E-05 9.99201E-05 9.99201E-05 9.99201E-05 9.99201E-05 9.99201E-05 0.999101 9.99201E-05
0.871368 9.99461E-05 9.99461E-05 9.99461E-05 9.99461E-05 9.99461E-05 0.0141962 0.0757835 9.99461E-05 0.0380526
9.9955E-05 0.110333 0.174972 9.9955E-05 9.9955E-05 0.0288913 0.562789 9.9955E-05 0.122515 9.9955E-05
9.99461E-05 9.99461E-05 0.0119396 0.0596162 9.99461E-05 0.910599 9.99461E-05 9.99461E-05 9.99461E-05 0.0172453
0.0173678 9.99551E-05 0.175488 9.99551E-05 0.00766197 9.99551E-05 9.99551E-05 0.781107 0.0178759 9.99551E-05
9.99282E-05 9.99282E-05 9.99282E-05 9.99282E-05 9.99282E-05 0.150771 0.84843 9.99282E-05 9.99282E-05 9.99282E-05
9.99551E-05 0.0177641 9.99551E-05 0.392704 9.99551E-05 9.99551E-05 0.0210126 9.99551E-05 0.0714352 0.496584
9.99201E-05 9.99201E-05 9.99201E-05 9.99201E-05 0.999101 9.99201E-05 9.99201E-05 9.99201E-05 9.99201E-05 9.99201E-05
9.99552E-05 9.99552E-05 0.0351303 0.520372 0.0573724 9.99552E-05 0.3599 9.99552E-05 0.0267262 9.99552E-05
9.99281E-05 0.473071 9.99281E-05 9.99281E-05 9.99281E-05 0.52613 9.99281E-05 9.99281E-05 9.99281E-05 9.99281E-05
9.99201E-05 9.99201E-05 9.99201E-05 9.99201E-05 9.99201E-05 0.999101 9.99201E-05 9.99201E-05 9.99201E-05 9.99201E-05
9.9937E-05 0.887438 9.9937E-05 9.9937E-05 9.9937E-05 9.9937E-05 9.9937E-05 0.0436446 9.9937E-05 0.0682174
0.0254421 9.99371E-05 9.99371E-05 0.883761 9.99371E-05 0.0900972 9.99371E-05 9.99371E-05 9.99371E-05 9.99371E-05
9.99201E-05 9.99201E-05 9.99201E-05 9.99201E-05 9.99201E-05 9.99201E-05 0.999101 9.99201E-05 9.99201E-05 9.99201E-05
0.684924 9.99461E-05 0.21842 0.0648139 0.0312428 9.99461E-05 9.99461E-05 9.99461E-05 9.99461E-05 9.99461E-05
9.99371E-05 9.99371E-05 0.124495 0.66938 9.99371E-05 9.99371E-05 9.99371E-05 9.99371E-05 0.205426 9.99371E-05
0.0454371 0.0119996 9.9982E-05 0.797514 0.0225017 0.014604 0.014398 9.9982E-05 0.0818951 0.0114506
9.99372E-05 0.804348 9.99372E-05 0.127573 0.0673792 9.99372E-05 9.99372E-05 9.99372E-05 9.99372E-05 9.99372E-05
9.99461E-05 9.99461E-05 0.0912221 0.546818 9.99461E-05 9.99461E-05 0.3418 9.99461E-05 0.0195603 9.99461E-05
9.99201E-05 9.99201E-05 9.99201E-05 0.730718 9.99201E-05 9.99201E-05 0.268483 9.99201E-05 9.99201E-05 9.99201E-05
9.99371E-05 9.99371E-05 9.99371E-05 0.0195646 0.354157 9.99371E-05 0.625579 9.99371E-05 9.99371E-05 9.99371E-05
9.99201E-05 9.99201E-05 0.999101 9.99201E-05 9.99201E-05 9.99201E-05 9.99201E-05 9.99201E-05 9.99201E-05 9.99201E-05
9.99201E-05 9.99201E-05 9.99201E-05 9.99201E-05 9.99201E-05 0.999101 9.99201E-05 9.99201E-05 9.99201E-05 9.99201E-05
9.99372E-05 9.99372E-05 0.0231388 9.99372E-05 9.99372E-05 9.99372E-05 9.99372E-05 0.90593 9.99372E-05 0.0702314
0.0607821 9.99461E-05 0.0125168 9.99461E-05 0.385379 9.99461E-05 0.540723 9.99461E-05 9.99461E-05 9.99461E-05
0.197473 9.99551E-05 0.380464 0.211354 9.99551E-05 9.99551E-05 9.99551E-05 9.99551E-05 0.200651 0.00955838
0.258021 9.99283E-05 9.99283E-05 0.741179 9.99283E-05 9.99283E-05 9.99283E-05 9.99283E-05 9.99283E-05 9.99283E-05
9.99281E-05 9.99281E-05 0.00366865 9.99281E-05 9.99281E-05 9.99281E-05 9.99281E-05 9.99281E-05 9.99281E-05 0.995532
0.378196 0.0102125 0.448358 0.162633 9.99461E-05 9.99461E-05 9.99461E-05 9.99461E-05 9.99461E-05 9.99461E-05
