-0.0159811 0.163586 -0.104451 -0.12192 -0.124236 0.291998 -0.243448 -0.630195 0.0714971 0.0665316 -0.0347661 -0.0862236 0.0765782 0.193924 0.0837967 -0.20638 -0.228141 0.0290439 0.0570903 -0.13903 0.108917 0.0418182 -0.0877473 -0.0517479 0.298278 0.00921557 0.0697522 0.0240663 0.0507151 -0.103023 -0.0142421 -0.0377172 -0.0211997 0.0694867 0.0325557 0.0319743 -0.0255006 -0.0502072 0.0105433 -0.0413783 -0.0752847 0.078261 0.0998073 -0.0797782 0.0354865 -0.00822443 -0.0137383 0.0286592 0.0851035 -0.141421
-0.11981 0.170087 -0.212345 -0.0759514 -0.132936 0.0598479 0.0851771 0.0442855 -0.126673 0.115714 0.042124 -0.180626 -0.118958 -0.264961 -0.0397038 -0.0975312 0.00236938 -0.0679926 0.176205 -0.00932458 -0.20107 -0.247581 0.14463 -0.0865958 0.0143231 0.0205233 0.216208 -0.124594 0.280841 -0.0784228 -0.0456297 0.170868 0.0403141 -0.140156 0.0969327 -0.247963 0.265549 0.0254659 -0.208988 0.092372 -0.0720498 -0.0885137 -0.220587 -0.153608 0.166112 -0.0885173 -0.0297863 0.0939548 -0.0711232 -0.141421
0.0463885 0.161296 0.0387469 -0.223364 -0.144512 0.0573248 0.046456 -0.0973578 -0.196979 0.159598 -0.148094 0.0377121 -0.0845623 0.0517134 -0.072405 0.104598 0.21106 0.167054 -0.017925 0.0117923 -0.159896 -0.211952 0.129311 -0.0493015 -0.139082 -0.200843 -0.0802487 0.0899144 -0.111483 0.269464 0.254703 0.125725 -0.147536 0.026801 0.144984 0.0690711 -0.00202674 0.186283 0.233884 -0.157176 -0.291002 0.0716681 0.0386508 -0.0231378 -0.23734 -0.0117202 -0.16215 -0.0861136 0.0640628 -0.141421
-0.0911838 0.110856 0.0296878 0.05284 0.324888 0.151897 -0.090997 0.0554236 -0.0628598 -0.0126174 0.00430253 0.130977 -0.0384279 -0.22479 0.136388 -0.351104 0.00838184 -0.0190404 -0.0495184 -0.122361 -0.0358469 -0.156571 -0.103179 0.0113401 -0.152927 0.245232 0.221057 -0.00676428 -0.0584304 -0.0145337 0.0532012 -0.209557 -0.087286 0.0919888 -0.185209 -0.155116 0.00745932 0.251946 0.258331 0.016465 -0.0480701 -0.109737 0.0121114 0.0456495 -0.0908212 0.119172 0.222839 -0.253312 0.0741617 -0.141421
0.194893 -0.071778 -0.108284 0.0795967 0.172846 0.0549638 0.367393 -0.0978456 -0.243902 0.222793 -0.0869919 0.122059 -0.0244617 0.289186 -0.196668 -0.026657 -0.133621 -0.340481 -0.0329173 0.111383 0.1353 0.00434567 0.04767 0.146088 0.0184737 0.0519896 0.153746 -0.0573603 0.112102 0.138798 -0.170689 0.207008 -0.281793 -0.0978538 -0.159016 0.0272204 -0.0864303 0.00826806 0.0277807 -0.123752 0.102775 -0.0535065 0.0188484 -0.00862769 0.0305552 0.0268318 0.032753 -0.0550517 -0.0700094 -0.141421
-0.1238 0.00208624 0.135721 0.0901852 -0.0487711 -0.048912 0.207139 0.0198731 0.0797524 0.163824 0.0389482 -0.00841287 -0.0865069 -0.0303063 -0.094406 -0.0997304 -0.057622 0.0466144 -0.00545769 -0.0226805 -0.0117166 -0.050326 0.0191119 0.0194562 0.098938 0.188621 -0.0804876 0.0461584 0.0653476 -0.0815244 0.0688804 -0.109027 0.0468144 -0.0375134 0.168708 0.207485 -0.0226095 0.25333 -0.347816 -0.167971 0.298488 0.108386 -0.117801 -0.0124954 -0.223916 0.249981 -0.117383 -0.00712191 0.454641 -0.141421
0.164004 0.0600368 0.0844162 0.106574 0.0223071 0.0904211 -0.0614564 0.0944749 -0.15868 0.0321223 -0.250812 0.171821 0.0212539 -0.0894759 -0.272472 0.120049 0.0326059 -0.0470185 0.0702771 -0.0637178 -0.187293 -0.0046963 -0.301888 -0.0602434 0.160548 -0.0534665 0.14246 -0.135851 -0.131362 -0.216882 0.221828 -0.0957731 0.163924 0.0186858 -0.241707 -0.0946374 -0.14448 -0.0244313 -0.124886 -0.0689041 0.0367563 0.410808 -0.0746526 0.014815 0.0200978 -0.168874 -0.0959092 0.0486063 -0.0942606 -0.141421
-0.11682 0.198924 -0.158299 -0.125294 -0.0981332 0.017421 0.137819 0.0894598 0.0202589 -0.0778224 0.18818 0.0918852 0.0232528 0.122924 -0.13228 0.186456 -0.0168847 -0.0229197 -0.184314 -0.0415685 -0.453823 0.0314804 -0.0786514 -0.0996844 0.00921159 0.373844 0.118332 0.351216 0.0546888 0.0112749 -0.0822185 -0.0603169 0.00359984 0.0521174 0.0799354 0.129503 -0.0708836 -0.25483 0.0560127 0.0576829 0.00948264 0.0666775 0.208183 0.0206729 0.0207878 0.0864087 0.122385 0.00919105 -0.0835596 -0.141421
-0.103601 -0.15002 0.186819 -0.0488595 -0.129946 0.0351996 -0.0479512 -0.0568341 -0.0409254 -0.0425674 -0.031372 0.000264488 -0.253132 -0.0604328 -0.0102209 -0.0824203 0.156203 -0.071668 -0.275177 -0.304074 0.0802857 0.0875448 0.043263 -0.0236968 0.0579263 0.0899145 -0.213843 0.188791 0.142822 -0.0468532 0.139906 0.212676 0.0787345 -0.222095 -0.144376 -0.312655 -0.0536273 -0.0872156 0.16067 -0.109479 0.208706 -0.077285 0.0547716 0.125492 0.168771 0.116133 -0.264152 -0.0428012 -0.0893624 -0.141421
0.252074 -0.101682 -0.142711 0.230814 -0.0375938 -0.0673034 0.197393 0.0382967 -0.11486 0.155509 -0.0765159 -0.0547386 0.00838644 -0.00341368 0.466993 0.156781 0.0112253 -0.0386847 -0.0317242 -0.264188 -0.0188018 0.09761 0.11126 -0.0331132 0.016956 -0.172191 0.0828741 0.291573 0.0162673 -0.27246 0.221331 -0.215065 -0.207767 0.130854 0.122526 -0.0629889 -0.0224499 -0.0286822 -0.039178 0.0944009 0.020533 -0.0842872 -0.0194668 -0.0309205 0.00518731 -0.0795293 0.0349214 0.0386369 0.0287077 -0.141421
0.271751 0.0557634 -0.0283217 0.460495 -0.231727 -0.126277 -0.14091 -0.136792 -0.172257 -0.409915 0.0910942 -0.00552284 -0.0989991 0.0696546 0.138353 -0.113106 0.207605 0.030346 0.225032 0.1125 -0.058956 -0.178596 -0.00520675 -0.00535939 -0.0918206 0.213624 -0.155774 0.0545744 0.0516733 0.0538346 -0.159338 0.0279179 -0.0515734 -0.0191865 -0.122137 0.0529733 -0.00500167 -0.0301585 -0.0584928 -0.200553 -0.0497862 0.052942 -0.0100084 -0.0385049 -0.030793 -0.0024725 -0.0133514 0.0152444 0.00229289 -0.141421
-0.17158 0.163046 -0.25593 0.00371829 -0.194526 -0.0750624 0.0993968 -0.11374 -0.184512 -0.0258365 0.272758 -0.115649 0.132627 -0.262358 -0.0157516 0.0174862 0.050848 -0.0596208 -0.0382651 0.0806967 0.119527 0.0411048 0.215999 -0.00701236 0.0469448 -0.14519 -0.0758119 -0.165316 -0.105267 -0.0562095 0.0605107 0.00109026 0.0787357 0.0328842 -0.110895 0.0843611 -0.466576 0.153988 -0.00836183 0.0686283 0.101345 0.0266157 0.0584748 0.330799 0.0153649 0.0117775 0.130394 -0.0821212 -0.104029 -0.141421
0.121856 -0.0560766 -0.0848385 0.145751 0.0484662 0.0151069 -0.12255 -0.0319315 0.0907205 0.0226456 0.189231 -0.223518 -0.298789 -0.02001 -0.152955 -0.23899 0.070202 0.144116 -0.231765 0.0130795 -0.0818414 0.166985 0.0490487 0.149545 -0.092302 -0.195299 0.321179 0.0321911 -0.313791 -0.0849615 -0.0643251 0.100742 -0.0600751 -0.175684 0.0659725 0.241779 0.142788 -0.119113 0.138604 0.100467 0.107626 0.155713 -0.167699 0.0658866 -0.0724361 -0.0191768 -0.0262294 0.0639587 -0.025325 -0.141421
0.180662 0.163704 0.120248 -0.0636878 0.202938 0.423041 0.0947125 0.155525 0.0707857 -0.444521 0.0255056 -0.30708 0.0879308 0.035458 -0.154366 0.136967 -0.0670891 -0.0383869 0.0248988 -0.253477 0.0487739 0.110049 0.251625 -0.113065 -0.105205 -0.0988418 -0.0219125 -0.00689641 -0.0109199 0.0283 0.0443953 0.0359181 0.0129681 0.0868134 -0.0660542 0.114251 0.020689 0.140548 -0.123856 -0.115537 0.0680878 -0.0879053 0.0357398 -0.14565 0.0467971 0.025846 0.00309799 -0.00410488 -0.0299024 -0.141421
0.201151 -0.135868 -0.111418 0.107175 -0.0232764 0.0404052 0.0427158 0.06297 -0.15856 -0.03952 0.0126507 -0.232773 0.0976059 0.190768 -0.286803 -0.110376 -0.162334 0.139095 -0.119408 0.0550983 0.119921 -0.0510742 -0.113929 0.066138 -0.103183 0.146127 -0.128833 -0.143128 0.130801 0.113935 0.275639 -0.307031 0.170983 -0.097592 0.306473 -0.207 -0.00322073 -0.0660759 0.0868671 0.153904 -0.164044 -0.0748852 -0.00337655 0.194048 0.0489561 0.0610644 0.0428059 0.100387 0.0411295 -0.141421
-0.0140628 -0.216844 0.0644703 -0.183044 -0.271236 0.149003 -0.256833 0.390665 -0.368716 0.044698 0.0542527 0.182257 0.148438 0.232991 0.165534 -0.086502 -0.022501 0.175556 -0.128825 -0.0349606 0.187026 -0.0790191 0.197957 -0.0513208 0.121002 0.103612 0.183035 -0.0486129 -0.15783 -0.012457 -0.136031 0.0812634 0.0726285 0.0164317 0.0204482 0.0630534 0.0435699 0.0468113 -0.112228 -0.0348451 0.0544286 0.0359675 0.0259314 -0.0449567 0.055525 -0.0330364 0.105885 0.0304957 0.0273244 -0.141421
-0.137669 0.155795 -0.129515 0.0486441 0.0137748 -0.0916359 -0.0905551 -0.0572065 -0.0490633 -0.00957489 -0.0202504 0.0315088 0.0273181 0.111507 -0.0372095 0.0933708 -0.0180498 0.223117 -0.157652 0.243434 -0.0848544 0.270574 -0.0928619 0.0267024 -0.0020667 0.00707045 -0.103072 0.00189397 -0.145395 0.139194 0.125914 0.0647383 -0.159793 0.36551 -0.107235 -0.24884 0.107588 0.142103 -0.0130861 -0.113426 0.231514 -0.158369 -0.313691 -0.131493 0.245986 0.0690234 0.0600491 0.182495 0.0356013 -0.141421
0.0369395 -0.106999 0.017798 0.0703621 -0.144528 0.0494309 0.125321 -0.0325338 0.0738793 0.109633 -0.0552782 0.209868 -0.0305387 -0.125842 0.0166154 -0.154549 -0.00891498 0.0692027 0.206125 -0.157656 -0.0606039 0.263346 -0.0376746 -0.108303 -0.355878 0.0213584 0.0179831 -0.366505 0.0495843 0.00215159 0.0286289 0.22521 0.13985 0.306131 0.274538 0.0687681 -0.0260472 -0.234204 0.093464 -0.140234 0.140212 -0.0339723 0.168939 -0.042921 0.0333955 0.00620305 0.0844578 -0.0715979 -0.0161136 -0.141421
-0.202432 -0.0287091 0.202455 0.136421 -0.00953367 0.0177003 0.199112 -0.0646055 0.0800243 0.0882079 -0.0256056 -0.0459854 0.0514908 0.044736 -0.0163396 -0.0898043 0.00624087 0.159539 -0.015917 -0.0640947 0.0165035 -0.084888 0.0656347 0.0215257 0.0588055 0.217689 0.0289331 -0.0504859 -0.0804362 0.0452944 -0.0715335 -0.119568 0.0344401 0.15708 -0.117338 0.0875457 -0.0178302 0.0452228 0.0158176 0.0830234 0.0238989 -0.280531 0.0142468 0.0285175 -0.292693 -0.398872 -0.274117 0.310194 -0.356305 -0.141421
-0.00315768 -0.225586 -0.11506 -0.260865 0.275878 -0.216019 0.195448 -0.240267 0.0313734 -0.336822 -0.198341 0.0798913 -0.199442 -0.0278632 0.0231824 0.0828383 0.257937 0.0533318 -0.156218 0.046637 0.098398 -0.0986882 0.0884356 -0.0787405 0.204548 0.183162 0.0833811 -0.164653 -0.158293 -0.147301 0.0355662 0.0240196 0.0629828 0.0331956 0.188124 0.0353049 0.0082899 -0.0315004 -0.109931 -0.098903 -0.127572 -0.0419346 -0.0211318 0.0164703 0.0845431 -0.116364 0.161634 -0.00183 0.0579352 -0.141421
-0.0445585 -0.170274 -0.0490781 -0.159609 0.0882801 0.00801678 -0.0474409 -0.0261714 -0.00140673 -0.102405 -0.00261048 0.0539351 0.362305 -0.10184 -0.166491 -0.0429222 0.331727 0.225296 0.384746 -0.00952585 0.0845155 0.185173 -0.0166335 0.195194 0.0355063 0.0763768 0.0548577 0.19652 0.219664 0.0171829 0.0449926 0.00459995 -0.298417 -0.130732 0.0990752 -0.00240948 0.0201801 0.0531919 0.0666389 0.170635 0.219633 0.137499 -0.0114676 0.0116346 -0.00282253 -0.115206 -0.0273734 -0.055219 -0.0211016 -0.141421
-0.0977822 -0.107883 0.0354654 0.0568807 -0.0172916 0.0420602 -0.177524 0.0228751 -0.130356 -0.0210223 0.114854 0.00573182 -0.206773 0.0458072 -0.182163 0.0759727 0.133138 -0.227031 -0.146152 -0.0251411 0.103825 0.155417 -0.306357 -0.114601 -0.0688737 -0.0677849 -0.144554 0.0305972 0.186029 -0.163347 -0.162747 0.159022 -0.113195 0.27844 0.105012 0.0605796 0.0340756 0.272984 -0.160993 0.34688 -0.231356 -0.038333 0.0598763 -0.00439694 -0.136129 -0.127689 0.00324962 -0.0723397 0.0516863 -0.141421
0.0374155 -0.225248 -0.0923795 -0.139189 0.0300382 -0.0249665 0.032824 0.0496396 0.0357982 -0.028331 0.0594369 -0.064009 0.0363488 0.0118647 0.286819 0.0478706 -0.0687965 0.176076 -0.0631445 -0.19978 -0.335677 0.125919 -0.318632 -0.0167154 0.0780404 -0.08604 -0.0568191 -0.325708 0.18859 0.17052 -0.135222 -0.0569081 -0.133812 -0.224077 -0.138209 0.217009 -0.0611196 0.202005 -0.0329383 -0.115947 -0.136647 -0.0440747 -0.101192 0.125729 0.0786102 0.121521 -0.091994 0.0423772 -0.0946452 -0.141421
-0.0334863 0.0818885 -0.00127338 -0.00748626 0.159506 -0.175035 -0.177148 -0.126621 -0.197579 0.059041 -0.170717 0.192656 -0.0580533 0.0945986 -0.110114 -0.0182412 0.0276728 -0.103275 0.177494 -0.287436 -0.128937 0.0962365 0.169448 0.125614 0.0146605 -0.202397 -0.107129 0.166771 -0.0198155 0.231015 -0.193849 -0.210351 0.380284 -0.000905969 0.0500411 0.126877 0.120659 -0.0132762 -0.127053 0.0853115 0.0516412 -0.174144 -0.17843 0.152552 0.0240178 0.0622403 0.120362 -0.0722026 -0.0971924 -0.141421
0.139835 0.166636 0.167583 -0.233272 0.0863859 -0.0413626 -0.00814613 -0.037592 0.057482 0.0509359 0.356155 0.158763 -0.159445 0.33314 0.0463541 0.0966028 0.056359 0.0937679 0.270877 0.08481 -0.0231647 -0.0946494 -0.152879 -0.00521382 -0.167774 -0.107424 0.00264117 -0.0739706 -0.130234 -0.307974 0.0526678 -0.018386 0.0494018 -0.247098 0.0161726 -0.162943 -0.183383 0.0338522 -0.0421548 0.0800157 0.136762 -0.299432 0.0344377 -0.0618552 -0.0202319 0.014224 0.00721941 0.0285514 -0.007277 -0.141421
0.149039 -0.170658 -0.214908 -0.108216 0.039884 -0.0457205 0.15441 -0.0119998 0.067966 0.0925402 -0.00104613 -0.117117 0.0292638 0.0913615 0.0528451 -0.0728469 -0.0392454 0.0183313 0.0168511 0.0669748 -0.0788596 -0.142625 0.0365324 -0.290942 0.0313142 -0.00206914 -0.371818 -0.0137694 -0.0870662 -0.0128395 -0.125468 -0.0104469 0.217148 0.0414216 -0.201213 -0.0189927 0.19545 0.117101 0.256236 0.277578 0.287083 0.240626 0.0241193 -0.231944 -0.0657825 -0.0700095 0.0266484 -0.166167 -0.0101976 -0.141421
-0.0310935 0.169389 0.0627773 -0.0343658 0.300068 -0.0338836 -0.161906 0.116927 -0.267637 0.0166117 -0.256021 -0.209411 -0.0172723 -0.115117 0.156869 0.011098 -0.255736 0.0660602 0.130907 0.223113 -0.0850663 0.122655 0.00398001 -0.140627 0.0799037 0.101041 -0.206367 -0.0180355 -0.119101 -0.140724 -0.0863273 0.19595 -0.16924 -0.0879966 0.128413 -0.0107034 0.07137 -0.207791 -0.0466783 0.0230741 0.0746936 -0.0458137 0.177221 0.293813 -0.176386 0.0457945 -0.116512 -0.016828 -0.00317117 -0.141421
-0.0245532 -0.0224474 0.0496285 0.126845 0.193292 0.135537 -0.0644191 0.170799 0.205754 0.0790225 0.242263 0.00188037 -0.136247 0.112308 0.174034 -0.0462989 0.162059 -0.221875 0.162492 0.0138205 -0.122102 0.0978147 0.152375 0.000700617 0.356982 0.0382772 -0.0407027 -0.117086 -0.0912504 0.415553 0.0802547 0.0553507 -0.00468911 0.06459 0.134844 -0.230182 -0.198601 -0.101066 -0.0118853 0.112891 -0.0971142 0.157461 -0.00281694 0.0166435 0.003727 -0.118692 -0.0227124 0.0448514 0.163703 -0.141421
-0.108191 0.182036 -0.334439 0.0356692 -0.216968 0.0861827 0.00634058 0.302985 0.379754 -0.06911 -0.480606 -0.0374242 -0.112136 0.248664 0.0470001 -0.0493839 0.0894312 0.040136 0.0347959 0.064222 0.0594715 0.0400682 -0.0236685 0.23514 -0.0151449 -0.0374632 0.0151039 -0.00217329 0.0304161 -0.12033 -0.134696 0.0238447 0.0781053 -0.0586832 -0.0298701 -0.0637784 -0.148833 0.079815 0.0255355 0.00872369 -0.035507 -0.0926686 0.0176578 0.0932392 -0.0561217 -0.053925 -0.030747 -0.175868 0.0529708 -0.141421
-0.157657 0.0224131 0.023738 0.074552 0.076871 0.0710095 -0.135477 -0.188374 0.0665239 -0.158849 -0.0308763 0.191596 0.255722 0.15957 0.25007 0.153047 0.00838324 -0.235904 -0.264818 0.201069 -0.0757889 -0.0492446 0.142813 -0.0460737 -0.344897 -0.0371394 0.153183 -0.168388 0.164142 0.0325614 0.151223 -0.0325572 0.0762984 -0.128901 0.0387996 0.0230485 0.142509 -0.0308737 -0.0733155 0.143734 0.155662 0.136685 -0.0814673 0.122013 -0.0591032 -0.0871903 -0.24987 -0.0730599 0.0589024 -0.141421
0.205217 0.138861 0.106802 -0.0585411 -0.0808805 0.26827 0.110306 -0.0137252 0.100385 -0.0172055 0.0896264 0.24187 -0.0757409 -0.256116 0.0407602 0.265485 -0.0612042 0.0710866 -0.0848499 -0.00579501 0.138853 -0.232012 -0.0390951 0.2694 0.0788824 -0.0401555 -0.166118 -0.0698127 -0.00922713 -0.023018 -0.3628 -0.118475 -0.105153 0.150113 0.163389 -0.0805789 0.164073 -0.0590424 0.144394 0.0476915 0.0855558 0.114006 -0.126513 0.261502 0.103543 0.0129682 -0.0523534 0.0582868 0.0255212 -0.141421
0.291742 0.182558 0.307806 -0.261127 -0.182024 -0.375882 -0.0934923 0.00690159 0.109705 0.0769941 -0.131451 -0.302287 0.276551 -0.0496432 0.0375444 -0.118303 0.133573 -0.342079 -0.141443 -0.0817116 -0.0502392 0.0167889 -0.0610008 0.131689 -0.0605141 0.147869 0.058115 -0.106105 -0.113927 0.0379381 -0.118141 0.0021375 -0.0658993 0.0759492 0.0733942 -0.0528519 -0.0636576 0.0413004 0.00185398 0.0607068 0.0386093 0.00631623 -0.0302931 -0.0700101 0.0376665 0.0191817 0.0366279 0.0456096 0.0140364 -0.141421
0.248453 0.0512895 0.0392257 0.131534 -0.0148833 0.131705 -0.0965497 -0.0493305 0.016996 0.136813 -0.0182263 0.0791766 0.0366519 -0.315896 0.0723919 0.20248 0.0259181 0.0710054 -0.156978 0.267385 0.0139541 0.174311 -0.0363362 0.195694 0.211182 0.133242 -0.000953825 0.0228589 0.0719403 0.0894927 0.142319 0.11369 0.287098 -0.215795 0.00339849 0.186282 0.0205567 0.0793973 0.00732508 0.0820327 -0.0277392 -0.290034 0.138608 -0.313966 -0.0283719 -0.0352245 0.0743925 -0.156408 -0.0357524 -0.141421
-0.139092 -0.0543559 0.225312 0.105548 -0.100154 0.029747 0.174659 -0.0710396 0.0362697 0.0596988 -0.062287 -0.0642231 0.0888499 -0.00115396 -0.0356588 0.0499712 -0.0949177 0.130879 0.0918214 -0.0725035 0.00525556 -0.0886146 -0.054111 -0.0315285 -0.12908 0.0751589 -0.0571315 0.0673326 -0.250332 0.0679556 0.044656 0.127527 -0.0899897 -0.0860406 -0.24571 0.154991 -0.0112457 -0.20251 -0.115342 0.281118 -0.211717 -0.0946425 -0.131604 0.0873758 0.391821 -0.14743 0.0359933 -0.257222 0.320438 -0.141421
-0.112625 0.157167 -0.0513111 0.0243194 0.258919 -0.180877 -0.108036 0.103237 -0.0021245 0.0725513 0.0264969 0.0710662 -0.040191 -0.0134514 0.0799675 0.0389743 -0.229832 0.0351862 -0.00202417 -0.131819 0.206001 -0.00657034 0.0854228 0.106848 -0.200835 0.172246 -0.170463 0.0756098 0.114037 -0.113362 -0.0143478 0.115441 0.0742559 -0.095712 0.123769 0.184712 -0.268041 0.0821245 0.208912 -0.0578888 -0.185254 0.28726 -0.195599 -0.265409 0.196436 -0.130791 -0.0560497 0.207565 -0.0511797 -0.141421
-0.0357098 -0.189906 0.0510311 -0.151273 -0.21305 0.0145532 0.00997958 -0.0368255 0.0181733 -0.112431 -0.0633543 0.178574 -0.165356 -0.122744 -0.0819716 -0.0198661 -0.191558 -0.129851 0.131763 0.163111 -0.0802019 0.309368 0.335991 0.0777734 -0.0760095 0.078377 -0.0717491 -0.0883149 -0.118616 -0.109815 -0.00752278 -0.308006 -0.174288 -0.0558355 -0.170828 -0.0821978 -0.000384182 -0.0214949 -0.00070166 0.162862 -0.261084 0.0514837 -0.00309801 -0.201704 -0.0906773 0.262128 -0.11295 0.0906871 -0.0367647 -0.141421
-0.15811 -0.119192 0.157398 0.0776116 -0.0608913 -0.0351718 -0.0480372 0.0924546 0.0201388 -0.0754533 -0.0334015 -0.102556 0.00620242 0.108681 -0.00874721 0.128938 0.0149283 -0.223443 0.243417 0.114741 -0.0191895 -0.183258 -0.0223233 0.023063 0.252636 -0.0644603 0.116862 -0.0523931 0.117407 -0.181471 0.223082 0.0948996 0.0685175 0.17399 -0.018868 0.312436 0.120822 0.000665155 0.447619 0.0340898 0.0200723 -0.125182 -0.114328 0.0913962 0.0871266 0.292912 0.0492741 0.133941 -0.0132822 -0.141421
-0.144341 -0.0308979 0.1139 0.119965 0.0217908 0.0275539 0.0540367 -0.0787167 0.113104 0.0559671 -0.100178 -0.000362885 0.0313793 0.0336648 0.0621235 0.0233611 0.0345252 0.0536436 -0.0339402 -0.0545442 -0.0550641 -0.0980341 0.0219563 0.210503 -0.110664 -0.113134 -0.119788 0.00629714 -0.0275018 0.00813393 0.0724965 0.175947 -0.00537097 -0.145596 -0.108036 -0.104986 0.17707 0.133999 -0.162469 0.0679024 -0.0348415 0.211122 0.382932 0.053872 -0.024485 0.114376 0.489026 0.412184 -0.0601921 -0.141421
0.122331 0.107845 -0.00733909 0.163003 -0.0665475 -0.303851 0.0357303 0.0762843 0.233008 -0.226542 0.0203798 0.37351 0.202334 -0.0725935 -0.163173 -0.145759 -0.304399 0.0608577 -0.0710741 -0.117749 0.0567713 -0.0417204 0.0217501 -0.311746 0.224422 -0.197261 0.0930968 0.064386 -0.0357199 0.06821 0.0248589 0.214732 -0.109452 -0.129221 0.109626 -0.101426 0.0416359 0.124955 0.0485757 0.108498 -0.0699234 -0.101051 0.0214496 0.03602 -0.0853518 0.0464672 -0.0392418 0.0179457 -0.00625201 -0.141421
-0.157753 -0.0207225 0.127963 0.153985 0.120497 -0.0775122 -0.00155697 0.0279677 -0.100675 0.0267189 -0.0139158 -0.0536781 0.134869 -0.0325248 -0.14442 -0.052602 0.130421 0.0875915 -0.143677 0.121361 -0.1613 -0.0172599 0.105316 -0.0373286 0.0599953 -0.336484 0.0256223 -0.0637575 0.143238 -0.134177 -0.332681 -0.249868 0.00992603 -0.0230384 0.0129172 -0.077798 -0.0968536 -0.0772808 0.185813 -0.167213 -0.0296843 -0.0898117 0.319132 -0.20427 0.19984 -0.106176 -0.0956019 0.0544465 0.3224 -0.141421
-0.193024 0.0153691 0.116521 0.137412 0.0596002 -0.022961 0.0815674 0.0273828 0.0381702 0.0212858 0.0319444 -0.0602115 0.0380813 0.0729671 0.0502199 -0.0993245 0.0470184 0.0471777 -0.0373501 0.0888604 0.0866482 -0.149892 -0.102159 0.0697286 0.0743538 -0.125826 -0.0436207 0.00127133 -0.133072 0.00772527 0.0231769 -0.111415 -0.0930528 0.0577683 0.247748 0.00384805 0.0277248 -0.0338333 -0.216688 -0.016908 -0.0390514 0.147015 0.0904871 -0.219884 0.196896 0.287042 -0.130677 -0.380902 -0.523755 -0.141421
-0.154025 0.1419 -0.132543 0.00739629 -0.0319332 -0.146884 0.126715 0.0848952 -0.0324868 0.0356648 0.28714 -0.0258827 0.161354 0.0541499 0.00323551 0.114704 0.0455178 -0.146331 0.0706386 -0.145973 0.200554 0.242052 -0.104091 0.12166 0.0592682 0.0513159 -0.0595466 -0.0894242 -0.159829 -0.0980418 0.0519365 -0.0493966 0.0878817 -0.104435 -0.105692 -0.0715456 0.491146 -0.0589266 0.0827685 -0.32916 -0.2151 0.0440267 0.0669938 0.0311245 -0.141285 -0.125201 -0.0554231 -0.139348 0.0791333 -0.141421
-0.0008587 -0.247241 -0.147777 -0.185822 0.076423 -0.0801408 -0.041358 0.0389515 -0.0284523 -0.18815 0.131557 -0.0172455 0.07391 -0.107778 0.0218759 -0.11989 -0.272899 -0.0456999 -0.0186782 -0.00388044 -0.134118 -0.252604 -0.107205 0.464651 -0.0337805 -0.18736 -0.0376325 0.147455 0.00357057 0.0163391 0.115903 0.190844 0.100149 0.266695 -0.115333 -0.0656784 -0.0989989 -0.203208 -0.141262 -0.0543572 0.00168826 -0.0728567 0.0544453 -0.110675 -0.185037 -0.0552124 -0.14536 -0.0399789 0.110893 -0.141421
0.175452 0.182868 0.206409 -0.195126 0.0559353 -0.149435 0.122116 0.0919962 0.0861677 0.0580876 0.0775217 0.0114966 -0.154621 0.0498026 0.0927144 -0.218903 0.0223173 0.211907 -0.0449613 0.248543 0.160794 0.130861 0.0922694 -0.0805764 0.0251001 -0.111179 0.0867025 0.106631 0.443322 0.0312755 0.104861 -0.0610304 0.100328 0.209655 -0.288016 0.0854579 0.0910175 -0.130255 -0.115391 -0.0133635 -0.139041 0.159537 0.012536 0.191751 0.0394145 -0.0349124 0.0518179 -0.0516116 -0.0476474 -0.141421
0.129495 -0.179916 -0.169477 -0.0317391 0.121725 0.220934 -0.0655267 0.0287238 0.226373 0.236657 0.0343605 0.0805221 0.284481 -0.112727 -0.0465042 -0.167501 0.217867 -0.161779 0.00542764 0.193585 0.0121432 -0.0461878 -0.0174186 -0.225838 -0.135804 -0.000797534 -0.141585 0.261319 -0.145507 -0.127198 -0.0685773 0.0412002 0.0947685 0.0105576 -0.0171429 0.053448 -0.0218731 -0.0231894 -0.126976 -0.227511 -0.220645 -0.128172 -0.119047 0.166405 0.0950769 0.149465 -0.0955735 0.214914 -0.0594316 -0.141421
-0.115219 0.160663 -0.163557 -0.108049 -0.036256 0.0254276 0.0148033 0.112889 -0.0806832 -0.0717444 -0.0949142 0.049303 -0.116233 -0.152402 0.0645777 -0.0492214 0.143546 -0.129371 -0.0197802 -0.0390337 0.349974 -0.0926376 -0.301262 -0.176616 -0.050606 -0.141295 -0.0218703 -0.0322177 -0.0356423 0.289381 0.0757685 -0.197949 -0.116271 -0.121641 -0.0847012 0.191758 -0.0146517 -0.333012 -0.0450631 0.108419 0.16222 -0.0778322 0.0448999 -0.221832 -0.0777606 0.0863969 -0.00639083 0.270296 0.0867015 -0.141421
-0.0643954 -0.175253 0.0852297 -0.0935239 -0.15992 -0.00819441 -0.143518 0.0394257 0.1376 -0.0202841 0.0043753 -0.0431941 -0.200763 -0.0924185 -0.0403037 -0.00400093 -0.278649 -0.219513 0.0828498 0.187891 -0.0316601 -0.0369847 -0.0614592 -0.0960685 -0.0642741 -0.0614579 -0.0353372 0.169876 -0.0129294 0.122113 0.104798 -0.22047 -0.137775 -0.111508 0.136545 0.0689487 0.0437952 0.152749 0.010964 -0.311208 0.172969 -0.02277 0.062621 0.0915627 0.148867 -0.449988 0.223688 -0.0929111 -0.10229 -0.141421
-0.133053 -0.102026 0.187898 0.0497643 -0.0445556 0.0756969 0.00607626 -0.0470728 0.0393398 0.00948334 -0.0179853 -0.109553 0.120658 0.00166291 -0.0141885 0.140556 -0.0087374 0.0674936 -0.0911376 0.0174318 0.0269578 0.0107834 -0.0148201 -0.123173 0.0111641 -0.0944974 -0.0437689 0.0168353 0.135346 -0.0402881 -0.140548 0.0346433 -0.0143121 -0.102089 0.00693259 -0.184126 -0.174419 -0.286123 0.0522541 -0.140632 -0.0615779 0.0182321 -0.449973 -0.123395 -0.433249 0.0257937 0.399771 -0.140363 -0.0703056 -0.141421
0.0809157 -0.104237 -0.172042 0.0715021 0.0806614 -0.196064 -0.40599 -0.00195264 0.239282 0.263086 0.0428877 -0.0914167 -0.0761529 -0.022613 -0.210327 0.36876 -0.00538675 0.135233 0.0138284 -0.173675 0.120136 -0.217872 0.202564 -0.0870405 -0.0577097 0.130515 0.0916438 -0.161266 0.086487 0.0489824 0.0228883 -0.0658916 -0.180905 0.110374 -0.191729 -0.0129384 0.00894304 -0.1037 -0.10835 -0.0558255 0.0467781 -0.0508882 0.160515 0.0303555 -0.0390848 0.108316 -0.0365173 -0.110543 -0.0199963 -0.141421
-0.0439883 -0.152245 0.0422442 0.00176071 -0.0146635 -0.067303 0.103181 -0.0965786 -0.0268959 -0.0417122 -0.0324266 -0.189222 -0.0610429 -0.0826334 0.115378 0.265847 -0.112563 0.0632193 0.187553 0.0941621 0.195566 0.0912515 -0.173776 -0.116182 -0.140935 0.00365363 0.420169 0.238448 -0.0960531 0.230589 -0.239452 0.0382004 0.298707 0.0318502 0.0180384 -0.230351 -0.0782166 0.183894 0.0532193 -0.00693094 -0.0331277 0.120323 0.0906053 0.0420941 -0.0107301 0.163167 -0.15713 0.0615472 0.043077 -0.141421
