0.0184896 0.722748 9.9991E-05 0.258662
9.998E-05 0.9997 9.998E-05 9.998E-05
9.9982E-05 0.544747 9.9982E-05 0.455053
9.999E-05 0.531909 0.283393 0.184598
0.341574 9.9982E-05 9.9982E-05 0.658226
9.9982E-05 9.9982E-05 0.926756 0.0730443
0.0833236 9.9991E-05 0.0672986 0.849278
9.99821E-05 0.964166 9.99821E-05 0.0356336
0.295376 9.9982E-05 0.704424 9.9982E-05
0.264327 9.9982E-05 9.9982E-05 0.735473
0.0419112 9.99821E-05 9.99821E-05 0.957889
9.9982E-05 0.890752 0.109048 9.9982E-05
0.492874 0.12981 9.9991E-05 0.377216
9.999E-05 0.0808011 0.0246693 0.89443
0.605417 9.9982E-05 9.9982E-05 0.394383
0.927837 0.023342 0.0487208 9.9991E-05
9.9991E-05 0.863666 0.0999884 0.0362456
0.512652 9.9991E-05 0.26872 0.218527
9.9982E-05 0.0580994 0.941701 9.9982E-05
0.924159 9.9982E-05 0.0756407 9.9982E-05
0.719196 0.0134253 0.267279 9.9991E-05
0.338992 0.114301 0.546607 9.9991E-05
0.879587 9.9991E-05 0.0662451 0.0540676
0.181777 0.516682 0.0897142 0.211826
9.9991E-05 0.0456845 0.12234 0.831876
0.753569 9.9982E-05 9.9982E-05 0.246231
9.99821E-05 0.734094 9.99821E-05 0.265706
0.0870619 9.9991E-05 0.631597 0.281241
0.0551513 0.944649 9.99821E-05 9.99821E-05
9.99821E-05 0.392733 0.607067 9.99821E-05
9.9982E-05 0.0193486 9.9982E-05 0.980451
9.998E-05 9.998E-05 9.998E-05 0.9997
0.0635016 9.9982E-05 9.9982E-05 0.936298
9.9982E-05 9.9982E-05 0.925996 0.0738043
9.9991E-05 0.799377 0.153757 0.046766
0.743546 9.9982E-05 0.256254 9.9982E-05
0.143413 9.9982E-05 0.856387 9.9982E-05
9.9982E-05 9.9982E-05 0.933548 0.0662523
0.0501135 0.12276 0.0620874 0.76504
9.99821E-05 0.147414 0.852386 9.99821E-05
9.9982E-05 0.205657 0.794143 9.9982E-05
9.9982E-05 0.876096 0.123704 9.9982E-05
0.9997 9.998E-05 9.998E-05 9.998E-05
9.9982E-05 0.14595 9.9982E-05 0.85385
0.687323 9.99821E-05 9.99821E-05 0.312477
9.998E-05 0.9997 9.998E-05 9.998E-05
0.623583 9.9982E-05 0.376217 9.9982E-05
0.0861878 9.99821E-05 0.913612 9.99821E-05
0.758932 0.0782395 9.9991E-05 0.162729
0.520235 9.9982E-05 0.479565 9.9982E-05
