0.288973 0.704381 0.00664603
9.999E-05 0.991655 0.00824463
0.464255 0.535645 9.9991E-05
0.126667 0.866336 0.00699729
0.890524 9.9991E-05 0.109376
9.999E-05 0.395023 0.604877
0.866737 0.0696609 0.0636017
9.999E-05 0.9998 9.999E-05
9.9991E-05 0.0171339 0.982766
0.995224 9.9991E-05 0.00467644
0.9998 9.999E-05 9.999E-05
9.999E-05 0.9998 9.999E-05
0.693272 9.9991E-05 0.306628
0.817734 0.182166 9.9991E-05
0.748529 9.9991E-05 0.251371
0.298715 9.9991E-05 0.701185
0.00156172 0.998338 9.9991E-05
0.459352 9.9991E-05 0.540548
9.9991E-05 0.486558 0.513342
0.105439 9.9991E-05 0.894461
0.13484 9.9991E-05 0.86506
9.9991E-05 0.224808 0.775092
0.284801 9.9991E-05 0.715099
0.284301 0.581991 0.133708
0.761296 0.238604 9.9991E-05
0.583081 9.9991E-05 0.416819
0.23084 0.76906 9.9991E-05
0.311615 0.229942 0.458443
9.999E-05 0.9998 9.999E-05
9.9991E-05 0.639802 0.360098
0.937496 0.0624045 9.9991E-05
0.996125 0.00377471 9.9991E-05
0.9998 9.999E-05 9.999E-05
9.9991E-05 0.416422 0.583478
0.0804141 0.919486 9.9991E-05
0.0568198 9.9991E-05 0.94308
9.9991E-05 0.245874 0.754026
9.9991E-05 0.375634 0.624266
0.70571 0.1569 0.137389
9.9991E-05 0.45941 0.54049
9.9991E-05 0.711776 0.288124
9.999E-05 0.9998 9.999E-05
0.100422 9.9991E-05 0.899478
0.866728 0.133172 9.9991E-05
0.623655 9.9991E-05 0.376245
9.999E-05 0.9998 9.999E-05
9.999E-05 9.999E-05 0.9998
9.9991E-05 0.103597 0.896303
0.510569 9.9991E-05 0.489331
0.140475 9.9991E-05 0.859425
