0.0559081 0.614714 9.9973E-05 9.9973E-05 0.262491 0.0227804 9.9973E-05 0.0438069
0.0711664 0.735942 0.0168992 9.9964E-05 9.9964E-05 0.175592 9.9964E-05 9.9964E-05
0.0440723 0.374848 9.9955E-05 9.9955E-05 0.58058 9.9955E-05 9.9955E-05 9.9955E-05
9.99551E-05 9.99551E-05 0.0129995 9.99551E-05 9.99551E-05 0.966511 0.0199897 9.99551E-05
9.994E-05 9.994E-05 9.994E-05 0.9993 9.994E-05 9.994E-05 9.994E-05 9.994E-05
9.9964E-05 0.072042 9.9964E-05 9.9964E-05 0.103035 9.9964E-05 0.753667 0.0708569
9.996E-05 9.996E-05 0.174789 0.18645 0.549428 0.0889338 9.996E-05 9.996E-05
9.99641E-05 0.873706 9.99641E-05 9.99641E-05 0.0519739 0.0471528 9.99641E-05 0.0267673
9.994E-05 9.994E-05 9.994E-05 9.994E-05 9.994E-05 9.994E-05 9.994E-05 0.9993
9.994E-05 9.994E-05 9.994E-05 0.9993 9.994E-05 9.994E-05 9.994E-05 9.994E-05
9.99463E-05 9.99463E-05 9.99463E-05 0.532013 0.467388 9.99463E-05 9.99463E-05 9.99463E-05
9.9955E-05 0.783092 9.9955E-05 9.9955E-05 9.9955E-05 0.0329141 0.183495 9.9955E-05
9.99731E-05 9.99731E-05 0.139198 0.627502 0.0323282 0.0544463 9.99731E-05 0.146226
9.99641E-05 9.99641E-05 9.99641E-05 0.168053 0.593319 0.208105 9.99641E-05 0.0301223
0.13031 9.99551E-05 9.99551E-05 0.864181 9.99551E-05 9.99551E-05 0.00500959 9.99551E-05
9.994E-05 9.994E-05 0.9993 9.994E-05 9.994E-05 9.994E-05 9.994E-05 9.994E-05
9.99551E-05 0.652283 9.99551E-05 9.99551E-05 9.99551E-05 0.231706 0.115512 9.99551E-05
9.9955E-05 9.9955E-05 0.732369 0.162569 9.9955E-05 9.9955E-05 0.104562 9.9955E-05
9.9946E-05 0.0406681 9.9946E-05 9.9946E-05 9.9946E-05 9.9946E-05 0.958732 9.9946E-05
0.898847 9.99461E-05 9.99461E-05 9.99461E-05 9.99461E-05 9.99461E-05 9.99461E-05 0.100554
0.497632 9.99641E-05 0.356108 9.99641E-05 9.99641E-05 9.99641E-05 0.0956901 0.0501696
9.99461E-05 0.0777982 9.99461E-05 9.99461E-05 9.99461E-05 9.99461E-05 9.99461E-05 0.921602
0.0322629 9.99461E-05 0.967137 9.99461E-05 9.99461E-05 9.99461E-05 9.99461E-05 9.99461E-05
0.209238 0.017988 9.9973E-05 9.9973E-05 0.106626 0.613711 0.0521376 9.9973E-05
9.99461E-05 9.99461E-05 9.99461E-05 9.99461E-05 0.913369 9.99461E-05 0.086031 9.99461E-05
0.267973 9.9955E-05 9.9955E-05 0.650107 9.9955E-05 9.9955E-05 9.9955E-05 0.0814197
9.994E-05 9.994E-05 9.994E-05 9.994E-05 9.994E-05 0.9993 9.994E-05 9.994E-05
9.99821E-05 9.99821E-05 0.0665778 0.276177 0.0341309 0.031503 0.434897 0.156514
9.994E-05 0.9993 9.994E-05 9.994E-05 9.994E-05 9.994E-05 9.994E-05 9.994E-05
9.99641E-05 0.247287 9.99641E-05 9.99641E-05 9.99641E-05 0.143349 0.464477 0.144488
9.994E-05 9.994E-05 9.994E-05 9.994E-05 0.9993 9.994E-05 9.994E-05 9.994E-05
9.99461E-05 9.99461E-05 9.99461E-05 0.0124128 0.986988 9.99461E-05 9.99461E-05 9.99461E-05
9.9955E-05 9.9955E-05 9.9955E-05 0.659861 0.329065 0.0105745 9.9955E-05 9.9955E-05
9.9973E-05 9.9973E-05 0.0971516 9.9973E-05 0.0398933 0.00154959 0.779106 0.0819999
9.9955E-05 0.069886 9.9955E-05 9.9955E-05 9.9955E-05 0.853436 0.0761782 9.9955E-05
0.256501 0.0207027 0.388206 9.9964E-05 9.9964E-05 9.9964E-05 9.9964E-05 0.334191
9.99461E-05 9.99461E-05 9.99461E-05 9.99461E-05 9.99461E-05 9.99461E-05 0.393956 0.605444
9.99551E-05 9.99551E-05 0.117174 9.99551E-05 0.023631 9.99551E-05 0.858695 9.99551E-05
0.0143272 0.0754576 0.0360975 0.273897 0.483487 9.99821E-05 0.116534 9.99821E-05
9.99552E-05 9.99552E-05 9.99552E-05 0.0233999 9.99552E-05 0.0318424 0.944258 9.99552E-05
9.9946E-05 0.157903 9.9946E-05 9.9946E-05 9.9946E-05 9.9946E-05 0.841497 9.9946E-05
9.99461E-05 0.878007 9.99461E-05 9.99461E-05 9.99461E-05 9.99461E-05 0.121393 9.99461E-05
0.9993 9.994E-05 9.994E-05 9.994E-05 9.994E-05 9.994E-05 9.994E-05 9.994E-05
9.994E-05 9.994E-05 9.994E-05 9.994E-05 0.9993 9.994E-05 9.994E-05 9.994E-05
0.548675 9.99461E-05 9.99461E-05 0.450725 9.99461E-05 9.99461E-05 9.99461E-05 9.99461E-05
9.99551E-05 0.86351 0.00691437 9.99551E-05 9.99551E-05 0.129076 9.99551E-05 9.99551E-05
0.474553 9.9946E-05 9.9946E-05 9.9946E-05 9.9946E-05 9.9946E-05 9.9946E-05 0.524848
0.0645494 9.99641E-05 0.151179 9.99641E-05 9.99641E-05 9.99641E-05 0.695145 0.0887269
0.814548 9.99641E-05 9.99641E-05 0.0359253 0.0925806 0.0565464 9.99641E-05 9.99641E-05
0.664234 9.9955E-05 0.019235 9.9955E-05 9.9955E-05 9.9955E-05 0.316032 9.9955E-05
