9.99551E-05 9.99551E-05 9.99551E-05 9.99551E-05 0.173933 0.0392186 9.99551E-05 0.00528827 0.0144407 0.76662
9.99201E-05 9.99201E-05 9.99201E-05 9.99201E-05 9.99201E-05 9.99201E-05 9.99201E-05 9.99201E-05 9.99201E-05 0.999101
9.9955E-05 0.047293 9.9955E-05 0.0229662 0.57384 9.9955E-05 0.0223719 9.9955E-05 9.9955E-05 0.333029
0.0539046 0.329081 9.99461E-05 9.99461E-05 9.99461E-05 0.000272909 0.616142 9.99461E-05 9.99461E-05 9.99461E-05
9.9937E-05 0.169636 9.9937E-05 9.9937E-05 0.055046 9.9937E-05 9.9937E-05 9.9937E-05 0.774618 9.9937E-05
0.828794 9.9937E-05 9.9937E-05 9.9937E-05 0.0752028 9.9937E-05 9.9937E-05 9.9937E-05 9.9937E-05 0.0953039
9.99201E-05 0.999101 9.99201E-05 9.99201E-05 9.99201E-05 9.99201E-05 9.99201E-05 9.99201E-05 9.99201E-05 9.99201E-05
9.99462E-05 9.99462E-05 9.99462E-05 9.99462E-05 0.0718616 9.99462E-05 0.224346 0.00574991 9.99462E-05 0.697443
0.569112 9.99372E-05 9.99372E-05 0.12079 9.99372E-05 9.99372E-05 9.99372E-05 0.309399 9.99372E-05 9.99372E-05
9.9928E-05 9.9928E-05 0.648862 9.9928E-05 9.9928E-05 9.9928E-05 9.9928E-05 9.9928E-05 0.350338 9.9928E-05
9.99201E-05 9.99201E-05 0.999101 9.99201E-05 9.99201E-05 9.99201E-05 9.99201E-05 9.99201E-05 9.99201E-05 9.99201E-05
0.113073 9.99371E-05 9.99371E-05 9.99371E-05 9.99371E-05 9.99371E-05 0.223392 9.99371E-05 9.99371E-05 0.662836
9.9973E-05 0.173627 0.125815 0.0520691 9.9973E-05 0.344211 9.9973E-05 0.0715766 0.218966 0.013434
9.9955E-05 9.9955E-05 0.116254 9.9955E-05 0.436839 0.421212 0.00969756 9.9955E-05 9.9955E-05 0.0154972
0.0682596 9.99371E-05 0.0498024 9.99371E-05 9.99371E-05 9.99371E-05 9.99371E-05 9.99371E-05 0.881238 9.99371E-05
9.99201E-05 9.99201E-05 9.99201E-05 0.999101 9.99201E-05 9.99201E-05 9.99201E-05 9.99201E-05 9.99201E-05 9.99201E-05
0.0473565 0.0427046 0.00229207 9.99551E-05 9.99551E-05 9.99551E-05 0.874964 9.99551E-05 9.99551E-05 0.0321829
0.11467 9.9946E-05 0.256686 0.625871 9.9946E-05 9.9946E-05 9.9946E-05 9.9946E-05 0.0021729 9.9946E-05
0.945894 9.99281E-05 9.99281E-05 9.99281E-05 9.99281E-05 9.99281E-05 9.99281E-05 9.99281E-05 9.99281E-05 0.0533064
9.99201E-05 9.99201E-05 9.99201E-05 9.99201E-05 9.99201E-05 9.99201E-05 9.99201E-05 0.999101 9.99201E-05 9.99201E-05
0.0512457 0.133398 9.9964E-05 0.0977806 9.9964E-05 0.103902 9.9964E-05 0.575242 0.0380323 9.9964E-05
0.293597 9.99551E-05 9.99551E-05 0.50405 9.99551E-05 0.0584929 0.0724253 9.99551E-05 9.99551E-05 0.0709359
9.99281E-05 9.99281E-05 9.99281E-05 0.994144 9.99281E-05 9.99281E-05 9.99281E-05 9.99281E-05 0.00505611 9.99281E-05
0.0316269 0.420978 9.9955E-05 9.9955E-05 9.9955E-05 9.9955E-05 0.311192 0.187557 9.9955E-05 0.0481464
0.0276848 9.99281E-05 9.99281E-05 9.99281E-05 0.971516 9.99281E-05 9.99281E-05 9.99281E-05 9.99281E-05 9.99281E-05
9.99281E-05 9.99281E-05 9.99281E-05 0.0531509 9.99281E-05 9.99281E-05 9.99281E-05 9.99281E-05 0.94605 9.99281E-05
0.00994982 0.332329 9.99551E-05 9.99551E-05 0.0975163 9.99551E-05 0.554273 9.99551E-05 9.99551E-05 0.00543229
9.99201E-05 9.99201E-05 9.99201E-05 9.99201E-05 9.99201E-05 0.999101 9.99201E-05 9.99201E-05 9.99201E-05 9.99201E-05
9.99201E-05 9.99201E-05 9.99201E-05 9.99201E-05 9.99201E-05 9.99201E-05 9.99201E-05 9.99201E-05 9.99201E-05 0.999101
0.38876 9.99461E-05 9.99461E-05 9.99461E-05 9.99461E-05 0.0726335 0.508012 0.0299948 9.99461E-05 9.99461E-05
9.99281E-05 9.99281E-05 0.299895 9.99281E-05 0.699306 9.99281E-05 9.99281E-05 9.99281E-05 9.99281E-05 9.99281E-05
9.99201E-05 9.99201E-05 9.99201E-05 9.99201E-05 0.999101 9.99201E-05 9.99201E-05 9.99201E-05 9.99201E-05 9.99201E-05
9.99549E-05 0.3204 0.621275 9.99549E-05 0.0406848 0.00124634 9.99549E-05 9.99549E-05 0.0158948 9.99549E-05
0.794656 9.99328E-05 9.99328E-05 0.0513661 0.153278 9.99328E-05 9.99328E-05 9.99328E-05 9.99328E-05 9.99328E-05
9.99201E-05 9.99201E-05 9.99201E-05 9.99201E-05 9.99201E-05 9.99201E-05 0.999101 9.99201E-05 9.99201E-05 9.99201E-05
0.0632137 9.9946E-05 9.9946E-05 0.270224 0.0291113 9.9946E-05 9.9946E-05 0.636851 9.9946E-05 9.9946E-05
0.729334 9.99551E-05 9.99551E-05 0.0938326 9.99551E-05 0.0143992 9.99551E-05 0.107914 9.99551E-05 0.0540209
0.833155 9.99461E-05 0.0493091 0.081722 9.99461E-05 0.0352139 9.99461E-05 9.99461E-05 9.99461E-05 9.99461E-05
0.0263011 9.99551E-05 0.805482 9.99551E-05 0.0252497 9.99551E-05 0.100732 9.99551E-05 9.99551E-05 0.0417358
0.80121 0.165365 9.99372E-05 9.99372E-05 9.99372E-05 9.99372E-05 0.0327255 9.99372E-05 9.99372E-05 9.99372E-05
0.665684 9.9928E-05 9.9928E-05 9.9928E-05 9.9928E-05 9.9928E-05 0.333517 9.9928E-05 9.9928E-05 9.9928E-05
0.115373 9.99371E-05 9.99371E-05 9.99371E-05 9.99371E-05 9.99371E-05 0.5474 9.99371E-05 9.99371E-05 0.336527
9.99282E-05 9.99282E-05 9.99282E-05 9.99282E-05 9.99282E-05 9.99282E-05 9.99282E-05 0.876935 0.122265 9.99282E-05
9.99281E-05 9.99281E-05 9.99281E-05 9.99281E-05 0.995851 9.99281E-05 0.00334911 9.99281E-05 9.99281E-05 9.99281E-05
9.99372E-05 9.99372E-05 9.99372E-05 9.99372E-05 9.99372E-05 0.0347849 9.99372E-05 0.056247 0.908268 9.99372E-05
9.99371E-05 9.99371E-05 9.99371E-05 9.99371E-05 9.99371E-05 9.99371E-05 0.882877 0.0359042 9.99371E-05 0.0805195
0.163063 9.9946E-05 9.9946E-05 0.168226 9.9946E-05 0.0642689 9.9946E-05 0.603843 9.9946E-05 9.9946E-05
0.800492 9.99282E-05 9.99282E-05 0.198709 9.99282E-05 9.99282E-05 9.99282E-05 9.99282E-05 9.99282E-05 9.99282E-05
9.99371E-05 0.539768 9.99371E-05 9.99371E-05 9.99371E-05 9.99371E-05 9.99371E-05 0.241073 0.218459 9.99371E-05
0.256985 9.99371E-05 0.10677 9.99371E-05 9.99371E-05 9.99371E-05 9.99371E-05 0.635545 9.99371E-05 9.99371E-05
