0.247673 0.0491111 0.703216
0.0191313 0.0372229 0.943646
0.542542 9.9991E-05 0.457358
0.189356 9.9991E-05 0.810544
0.835377 0.164523 9.9991E-05
9.999E-05 0.559649 0.440251
0.852458 0.0737682 0.0737741
0.0953258 9.9991E-05 0.904574
9.9991E-05 0.913667 0.0862329
0.974911 0.0249885 9.9991E-05
0.9998 9.999E-05 9.999E-05
9.999E-05 9.999E-05 0.9998
0.62089 0.37901 9.9991E-05
0.795082 9.9991E-05 0.204818
0.666642 0.333258 9.9991E-05
0.12846 0.87144 9.9991E-05
0.0137037 9.9991E-05 0.986196
0.366307 0.633593 9.9991E-05
9.9991E-05 0.424415 0.575485
0.0292148 0.970685 9.9991E-05
0.0601849 0.929502 0.0103133
9.9991E-05 0.685924 0.313976
0.202398 0.797502 9.9991E-05
0.257968 0.186608 0.555424
0.806182 9.9991E-05 0.193718
0.489006 0.510894 9.9991E-05
0.227217 9.9991E-05 0.772683
0.193677 0.467753 0.33857
0.0111463 0.0185456 0.970308
9.9991E-05 0.27462 0.72528
0.934684 9.9991E-05 0.0652159
0.9998 9.999E-05 9.999E-05
0.9998 9.999E-05 9.999E-05
9.9991E-05 0.554718 0.445182
0.0436837 9.9991E-05 0.956216
0.021591 0.978309 9.9991E-05
9.9991E-05 0.655154 0.344746
9.9991E-05 0.573376 0.426524
0.729427 0.048845 0.221728
9.9991E-05 0.41281 0.58709
9.9991E-05 0.221043 0.778857
9.999E-05 9.999E-05 0.9998
0.0499186 0.949981 9.9991E-05
0.850539 9.9991E-05 0.149361
0.522914 0.476986 9.9991E-05
9.999E-05 9.999E-05 0.9998
9.999E-05 0.9998 9.999E-05
9.9991E-05 0.790409 0.209491
0.430683 0.569217 9.9991E-05
0.0274813 0.957486 0.0150331
