9.9991E-05 0.712187 0.0640201 0.223693
9.998E-05 0.9997 9.998E-05 9.998E-05
0.0141237 0.319821 9.9991E-05 0.665955
0.0993357 0.737613 9.9991E-05 0.162951
9.999E-05 0.00764267 0.740208 0.252049
0.775056 0.171025 9.9991E-05 0.0538197
0.0891585 9.9991E-05 0.0984799 0.812262
9.99821E-05 0.832161 9.99821E-05 0.167639
0.981734 9.99821E-05 0.0180659 9.99821E-05
9.9982E-05 9.9982E-05 0.727887 0.271913
9.99821E-05 9.99821E-05 0.219915 0.779885
9.998E-05 0.9997 9.998E-05 9.998E-05
0.116199 0.0502772 0.566442 0.267081
0.0439021 0.0780323 9.9991E-05 0.877966
9.9982E-05 9.9982E-05 0.945097 0.0547032
0.521868 9.9991E-05 0.41672 0.0613118
9.998E-05 0.9997 9.998E-05 9.998E-05
0.48915 9.9991E-05 0.290263 0.220487
0.867749 0.132051 9.9982E-05 9.9982E-05
0.451529 9.99821E-05 0.548271 9.99821E-05
0.53046 9.99821E-05 0.46934 9.99821E-05
0.562066 0.262636 0.175198 9.9991E-05
0.411062 9.9982E-05 0.588738 9.9982E-05
0.196679 0.473568 0.0595608 0.270192
0.0741521 9.9982E-05 9.9982E-05 0.925648
9.9982E-05 0.0463626 0.953437 9.9982E-05
9.9982E-05 0.707366 9.9982E-05 0.292434
0.562906 0.125458 0.154798 0.156838
9.998E-05 0.9997 9.998E-05 9.998E-05
0.537801 0.461999 9.99821E-05 9.99821E-05
9.998E-05 9.998E-05 9.998E-05 0.9997
9.998E-05 9.998E-05 9.998E-05 0.9997
9.9982E-05 9.9982E-05 0.377754 0.622046
0.89461 0.0115682 9.9991E-05 0.0937218
9.9982E-05 0.897072 9.9982E-05 0.102728
0.652298 9.9982E-05 0.347502 9.9982E-05
0.93747 0.0623301 9.9982E-05 9.9982E-05
0.798524 0.179313 9.9991E-05 0.0220624
0.175756 9.9991E-05 0.0350959 0.789048
0.728042 0.271758 9.99821E-05 9.99821E-05
0.516744 0.483056 9.9982E-05 9.9982E-05
9.998E-05 0.9997 9.998E-05 9.998E-05
0.282992 9.99821E-05 0.716808 9.99821E-05
9.9982E-05 0.020593 9.9982E-05 0.979207
9.998E-05 9.998E-05 0.9997 9.998E-05
9.99821E-05 0.98917 9.99821E-05 0.0106304
0.78822 9.9982E-05 0.21158 9.9982E-05
0.9997 9.998E-05 9.998E-05 9.998E-05
0.169792 0.0265764 0.803532 9.9991E-05
0.6805 9.9982E-05 0.3193 9.9982E-05
