9.99821E-05 0.0988499 0.281507 9.99821E-05 0.619443
9.9973E-05 0.0610203 9.9973E-05 9.9973E-05 0.93868
9.998E-05 0.0268573 0.56866 9.998E-05 0.404282
9.998E-05 9.998E-05 0.308318 0.324969 0.366513
0.962669 9.9973E-05 9.9973E-05 0.0370308 9.9973E-05
9.9973E-05 9.9973E-05 0.123112 0.876588 9.9973E-05
0.286727 0.0810642 0.623818 0.00829069 9.9991E-05
9.99731E-05 9.99731E-05 0.0901288 9.99731E-05 0.909571
9.99731E-05 0.499377 9.99731E-05 0.500324 9.99731E-05
0.9996 9.997E-05 9.997E-05 9.997E-05 9.997E-05
0.795414 9.99731E-05 0.204286 9.99731E-05 9.99731E-05
0.00182577 9.9982E-05 9.9982E-05 0.0822762 0.915698
0.60479 0.190589 0.0647744 0.0173435 0.122503
0.044097 9.9991E-05 0.908015 0.0464061 0.0013818
0.831785 0.154542 9.9982E-05 0.0134735 9.9982E-05
9.99731E-05 0.895004 0.104696 9.99731E-05 9.99731E-05
9.9982E-05 9.9982E-05 0.0173404 0.166705 0.815754
0.299074 0.415553 0.0866569 0.198616 9.9991E-05
9.9973E-05 9.9973E-05 9.9973E-05 0.995698 0.00400254
9.997E-05 0.9996 9.997E-05 9.997E-05 9.997E-05
0.131308 0.678799 9.999E-05 0.0980647 0.0917278
0.101111 0.331563 9.9991E-05 0.496246 0.0709802
0.127863 0.741472 0.117089 0.013476 9.9991E-05
9.999E-05 0.16419 0.303786 0.12386 0.408064
9.9973E-05 9.9973E-05 0.950719 0.0489811 9.9973E-05
0.659901 0.3398 9.9973E-05 9.9973E-05 9.9973E-05
9.998E-05 9.998E-05 0.390759 0.158448 0.450593
0.241924 0.0257025 0.102618 0.629655 9.9991E-05
9.997E-05 0.00960873 9.997E-05 9.997E-05 0.990091
0.0185488 9.998E-05 9.998E-05 0.748312 0.232939
9.997E-05 9.997E-05 0.9996 9.997E-05 9.997E-05
9.997E-05 9.997E-05 0.9996 9.997E-05 9.997E-05
0.690423 9.9973E-05 0.309277 9.9973E-05 9.9973E-05
9.9982E-05 0.0740335 0.0910957 0.834671 9.9982E-05
9.9982E-05 9.9982E-05 0.0889139 0.197215 0.713671
9.9982E-05 0.895065 0.0468515 0.0578831 9.9982E-05
9.9973E-05 0.19518 9.9973E-05 0.80452 9.9973E-05
9.9982E-05 0.0757259 0.0440453 0.880029 9.9982E-05
0.220035 0.0440447 0.577143 0.0269157 0.131862
0.0882263 9.99731E-05 9.99731E-05 0.911474 9.99731E-05
9.997E-05 9.997E-05 9.997E-05 0.858179 0.141521
9.9973E-05 9.9973E-05 9.9973E-05 0.191759 0.807941
0.0362549 0.963445 9.99731E-05 9.99731E-05 9.99731E-05
9.9973E-05 9.9973E-05 0.999207 9.9973E-05 0.000493351
0.611379 0.388321 9.99731E-05 9.99731E-05 9.99731E-05
9.997E-05 9.997E-05 9.997E-05 9.997E-05 0.9996
9.9973E-05 0.865035 9.9973E-05 0.134665 9.9973E-05
9.99731E-05 0.196732 9.99731E-05 0.802968 9.99731E-05
0.578964 0.337509 9.999E-05 0.00354571 0.0798816
0.117064 0.509426 9.998E-05 0.373309 9.998E-05
