9.99731E-05 0.0165302 9.99731E-05 0.124726 9.99731E-05 0.858443
0.066127 9.9964E-05 9.9964E-05 9.9964E-05 9.9964E-05 0.933473
9.9964E-05 9.9964E-05 9.9964E-05 0.565946 9.9964E-05 0.433655
0.784527 0.0322244 9.99821E-05 0.0359508 0.147098 9.99821E-05
0.0555264 0.871266 0.0729078 9.9973E-05 9.9973E-05 9.9973E-05
9.9973E-05 9.9973E-05 9.9973E-05 0.0418132 0.840698 0.117189
0.0178709 0.521888 9.9991E-05 0.382329 0.0425189 0.035293
0.316127 9.99731E-05 9.99731E-05 0.0121342 9.99731E-05 0.671439
9.99641E-05 9.99641E-05 0.345882 9.99641E-05 0.653718 9.99641E-05
9.996E-05 0.9995 9.996E-05 9.996E-05 9.996E-05 9.996E-05
9.99731E-05 0.894901 9.99731E-05 0.0782825 9.99731E-05 0.0265166
0.632441 9.9964E-05 9.9964E-05 9.9964E-05 9.9964E-05 0.367159
0.0517366 0.514121 0.288989 0.113017 0.0231307 0.00900594
0.177619 0.372292 9.99731E-05 0.449789 9.99731E-05 9.99731E-05
9.99641E-05 0.775901 0.223699 9.99641E-05 9.99641E-05 9.99641E-05
9.99641E-05 9.99641E-05 0.888858 0.110742 9.99641E-05 9.99641E-05
0.9995 9.996E-05 9.996E-05 9.996E-05 9.996E-05 9.996E-05
9.9982E-05 0.320297 0.343858 0.0456116 0.290034 9.9982E-05
0.0722452 9.9964E-05 9.9964E-05 9.9964E-05 0.927355 9.9964E-05
9.99641E-05 9.99641E-05 0.999329 9.99641E-05 0.000271316 9.99641E-05
0.0763779 9.99731E-05 0.881334 9.99731E-05 0.0419879 9.99731E-05
0.150817 9.998E-05 0.388308 9.998E-05 0.414609 0.0460658
9.9973E-05 0.077347 0.818915 0.103438 9.9973E-05 9.9973E-05
0.609863 0.00461052 0.266548 0.118779 9.9982E-05 9.9982E-05
0.0333082 9.9973E-05 9.9973E-05 0.934724 0.0316678 9.9973E-05
9.997E-05 0.418374 0.558031 0.0232949 9.997E-05 9.997E-05
0.744079 9.99641E-05 9.99641E-05 0.255522 9.99641E-05 9.99641E-05
9.99731E-05 0.371735 0.0156395 9.99731E-05 0.612326 9.99731E-05
9.996E-05 9.996E-05 9.996E-05 9.996E-05 9.996E-05 0.9995
0.498763 9.99641E-05 9.99641E-05 9.99641E-05 0.500838 9.99641E-05
9.99641E-05 0.11005 9.99641E-05 0.88955 9.99641E-05 9.99641E-05
9.996E-05 9.996E-05 9.996E-05 0.9995 9.996E-05 9.996E-05
9.9964E-05 0.883642 9.9964E-05 0.115959 9.9964E-05 9.9964E-05
9.99641E-05 9.99641E-05 9.99641E-05 0.0621579 0.937442 9.99641E-05
0.9995 9.996E-05 9.996E-05 9.996E-05 9.996E-05 9.996E-05
9.9973E-05 9.9973E-05 0.833633 9.9973E-05 0.133089 0.032978
9.99641E-05 9.99641E-05 0.140985 9.99641E-05 0.858615 9.99641E-05
9.9982E-05 9.9982E-05 0.0534945 0.0402503 0.868813 0.0372426
0.205703 0.546514 9.9991E-05 0.136643 0.0253327 0.0857079
0.442639 9.9973E-05 0.0553395 9.9973E-05 0.501722 9.9973E-05
0.332251 9.9964E-05 9.9964E-05 9.9964E-05 0.667349 9.9964E-05
0.753824 9.9973E-05 9.9973E-05 9.9973E-05 0.0161455 0.22973
9.996E-05 9.996E-05 0.9995 9.996E-05 9.996E-05 9.996E-05
9.996E-05 9.996E-05 9.996E-05 0.9995 9.996E-05 9.996E-05
9.996E-05 0.631934 0.367666 9.996E-05 9.996E-05 9.996E-05
0.471211 9.9973E-05 0.0308807 9.9973E-05 9.9973E-05 0.497608
9.9973E-05 9.9973E-05 0.669488 9.9973E-05 0.303555 0.0266566
9.99641E-05 9.99641E-05 0.191683 9.99641E-05 0.807917 9.99641E-05
0.105767 0.296689 0.5928 0.00454359 9.99821E-05 9.99821E-05
0.0273988 9.99731E-05 0.740906 9.99731E-05 0.231396 9.99731E-05
