0.0848072 9.99731E-05 9.99731E-05 9.99731E-05 0.152085 0.669143 0.0936646
0.0730393 9.99551E-05 9.99551E-05 9.99551E-05 9.99551E-05 0.926461 9.99551E-05
0.031612 9.9964E-05 9.9964E-05 9.9964E-05 0.583887 0.384101 9.9964E-05
9.996E-05 9.996E-05 9.996E-05 0.1548 9.996E-05 0.325414 0.519386
9.9955E-05 9.9955E-05 0.807002 9.9955E-05 9.9955E-05 9.9955E-05 0.192498
9.99551E-05 9.99551E-05 9.99551E-05 0.864652 0.134848 9.99551E-05 9.99551E-05
0.0193729 9.9973E-05 0.113648 9.9973E-05 0.235381 9.9973E-05 0.631299
9.99641E-05 0.0486111 9.99641E-05 9.99641E-05 0.0630386 0.88795 9.99641E-05
0.464769 9.99551E-05 9.99551E-05 0.534731 9.99551E-05 9.99551E-05 9.99551E-05
9.995E-05 9.995E-05 0.9994 9.995E-05 9.995E-05 9.995E-05 9.995E-05
9.99552E-05 9.99552E-05 0.739941 9.99552E-05 0.25956 9.99552E-05 9.99552E-05
9.9964E-05 0.0598041 9.9964E-05 0.115756 9.9964E-05 0.82404 9.9964E-05
0.217621 9.9982E-05 0.507929 9.9982E-05 0.0500445 0.0514702 0.172735
9.995E-05 9.995E-05 9.995E-05 9.995E-05 9.995E-05 9.995E-05 0.9994
0.0609584 9.9964E-05 0.902909 0.0357329 9.9964E-05 9.9964E-05 9.9964E-05
0.957145 9.99641E-05 9.99641E-05 9.99641E-05 0.041385 9.99641E-05 0.00107043
9.99641E-05 9.99641E-05 0.0394689 0.142067 9.99641E-05 0.818064 9.99641E-05
0.45082 9.9973E-05 0.309084 0.166029 0.073766 9.9973E-05 9.9973E-05
9.995E-05 9.995E-05 9.995E-05 0.9994 9.995E-05 9.995E-05 9.995E-05
0.824337 0.121604 9.99641E-05 9.99641E-05 9.99641E-05 9.99641E-05 0.0536593
9.995E-05 0.9994 9.995E-05 9.995E-05 9.995E-05 9.995E-05 9.995E-05
0.43922 9.9973E-05 9.9973E-05 0.333793 9.9973E-05 0.172925 0.0537631
0.805775 9.99641E-05 0.151009 9.99641E-05 0.0428164 9.99641E-05 9.99641E-05
0.0312455 0.143588 9.9991E-05 0.0746524 0.033857 0.232726 0.483831
9.99641E-05 0.0453916 9.99641E-05 0.00729667 0.946912 9.99641E-05 9.99641E-05
0.395103 9.9955E-05 0.604397 9.9955E-05 9.9955E-05 9.9955E-05 9.9955E-05
9.99641E-05 9.99641E-05 9.99641E-05 0.0328436 9.99641E-05 0.405372 0.561385
0.00154431 0.0757506 0.0141951 0.436887 9.9982E-05 9.9982E-05 0.471423
0.0358816 9.99553E-05 9.99553E-05 9.99553E-05 9.99553E-05 0.963619 9.99553E-05
9.99552E-05 9.99552E-05 9.99552E-05 0.641088 9.99552E-05 0.358412 9.99552E-05
9.99551E-05 9.99551E-05 0.0725063 9.99551E-05 0.926994 9.99551E-05 9.99551E-05
9.995E-05 9.995E-05 9.995E-05 9.995E-05 0.9994 9.995E-05 9.995E-05
9.9964E-05 9.9964E-05 0.708884 9.9964E-05 0.139183 9.9964E-05 0.151534
0.0482109 9.9973E-05 9.9973E-05 0.832917 0.0787868 9.9973E-05 0.0397856
9.9964E-05 9.9964E-05 9.9964E-05 0.0436597 9.9964E-05 0.803089 0.152851
0.985297 9.9955E-05 9.9955E-05 0.0142035 9.9955E-05 9.9955E-05 9.9955E-05
0.177402 9.99551E-05 9.99551E-05 0.822099 9.99551E-05 9.99551E-05 9.99551E-05
0.0685192 9.996E-05 9.996E-05 0.827367 0.103713 9.996E-05 9.996E-05
9.99731E-05 0.103417 0.212779 0.0995271 0.583977 9.99731E-05 9.99731E-05
9.9982E-05 0.0395232 0.0782163 0.848129 9.9982E-05 0.0308493 0.00308256
9.9955E-05 9.9955E-05 9.9955E-05 0.724928 9.9955E-05 0.274572 9.9955E-05
9.99551E-05 9.99551E-05 9.99551E-05 0.168722 9.99551E-05 0.830778 9.99551E-05
0.722899 0.228937 0.0477642 9.99641E-05 9.99641E-05 9.99641E-05 9.99641E-05
9.995E-05 9.995E-05 9.995E-05 9.995E-05 0.9994 9.995E-05 9.995E-05
0.248073 0.118463 0.566586 9.99731E-05 9.99731E-05 9.99731E-05 0.0665788
0.130672 9.9964E-05 9.9964E-05 9.9964E-05 0.0191298 0.849798 9.9964E-05
0.680607 0.0775564 9.9964E-05 0.241437 9.9964E-05 9.9964E-05 9.9964E-05
0.122702 0.157872 9.99641E-05 0.719026 9.99641E-05 9.99641E-05 9.99641E-05
9.99731E-05 0.671015 0.23274 9.99731E-05 0.0803511 0.0155946 9.99731E-05
9.9955E-05 0.918543 9.9955E-05 0.0809569 9.9955E-05 9.9955E-05 9.9955E-05
