0.627435 9.99641E-05 9.99641E-05 9.99641E-05 9.99641E-05 0.0211273 0.313749 0.0372889
0.998809 9.9946E-05 0.00059109 9.9946E-05 9.9946E-05 9.9946E-05 9.9946E-05 9.9946E-05
0.384704 9.9964E-05 9.9964E-05 0.04127 9.9964E-05 0.00374715 0.569879 9.9964E-05
9.994E-05 9.994E-05 0.9993 9.994E-05 9.994E-05 9.994E-05 9.994E-05 9.994E-05
9.9955E-05 9.9955E-05 9.9955E-05 9.9955E-05 0.321993 9.9955E-05 0.0669158 0.610592
0.0904717 9.9955E-05 9.9955E-05 9.9955E-05 9.9955E-05 0.864145 0.0448834 9.9955E-05
9.9973E-05 9.9973E-05 0.193511 0.0797935 0.698954 0.00139063 0.0260509 9.9973E-05
0.877153 0.00680165 9.99551E-05 9.99551E-05 9.99551E-05 9.99551E-05 0.115545 9.99551E-05
9.99462E-05 9.99462E-05 9.99462E-05 0.338388 9.99462E-05 0.661012 9.99462E-05 9.99462E-05
9.9946E-05 9.9946E-05 9.9946E-05 9.9946E-05 0.897561 9.9946E-05 9.9946E-05 0.101839
9.994E-05 9.994E-05 9.994E-05 9.994E-05 0.9993 9.994E-05 9.994E-05 9.994E-05
0.733047 0.266353 9.9946E-05 9.9946E-05 9.9946E-05 9.9946E-05 9.9946E-05 9.9946E-05
0.0285995 0.0236014 9.9991E-05 0.0180955 0.312769 0.136023 0.0397563 0.441055
9.99551E-05 9.99551E-05 0.321101 9.99551E-05 0.488759 9.99551E-05 0.189641 9.99551E-05
9.9955E-05 9.9955E-05 9.9955E-05 9.9955E-05 0.116937 0.0145257 9.9955E-05 0.868038
9.99461E-05 9.99461E-05 9.99461E-05 0.959927 9.99461E-05 9.99461E-05 0.0394735 9.99461E-05
0.249781 0.31119 0.438529 9.9955E-05 9.9955E-05 9.9955E-05 9.9955E-05 9.9955E-05
9.995E-05 9.995E-05 9.995E-05 0.428896 0.361945 0.208659 9.995E-05 9.995E-05
0.0600649 9.9955E-05 0.0631683 9.9955E-05 9.9955E-05 0.876267 9.9955E-05 9.9955E-05
9.99551E-05 9.99551E-05 0.0421354 0.910676 9.99551E-05 9.99551E-05 9.99551E-05 0.0466888
0.0206271 9.9973E-05 0.0792043 0.42867 9.9973E-05 0.145214 9.9973E-05 0.325984
9.99461E-05 0.557898 9.99461E-05 0.441502 9.99461E-05 9.99461E-05 9.99461E-05 9.99461E-05
9.99551E-05 9.99551E-05 9.99551E-05 0.810885 0.15061 0.0380051 9.99551E-05 9.99551E-05
9.9955E-05 9.9955E-05 0.808295 0.117 9.9955E-05 9.9955E-05 9.9955E-05 0.0742054
9.99461E-05 9.99461E-05 9.99461E-05 9.99461E-05 9.99461E-05 0.0436969 0.955703 9.99461E-05
9.9955E-05 9.9955E-05 9.9955E-05 0.103749 9.9955E-05 9.9955E-05 0.06948 0.826271
9.99461E-05 9.99461E-05 0.927116 9.99461E-05 9.99461E-05 9.99461E-05 0.0722842 9.99461E-05
9.99551E-05 0.77051 9.99551E-05 9.99551E-05 0.0784859 9.99551E-05 9.99551E-05 0.150504
0.9993 9.994E-05 9.994E-05 9.994E-05 9.994E-05 9.994E-05 9.994E-05 9.994E-05
9.994E-05 0.9993 9.994E-05 9.994E-05 9.994E-05 9.994E-05 9.994E-05 9.994E-05
0.0144224 9.99551E-05 9.99551E-05 9.99551E-05 0.521537 9.99551E-05 0.463541 9.99551E-05
9.99461E-05 9.99461E-05 9.99461E-05 9.99461E-05 0.0691449 9.99461E-05 0.930255 9.99461E-05
9.9946E-05 9.9946E-05 9.9946E-05 9.9946E-05 0.914419 9.9946E-05 0.0849813 9.9946E-05
9.9946E-05 9.9946E-05 9.9946E-05 9.9946E-05 9.9946E-05 0.885802 0.113599 9.9946E-05
0.0848585 0.354484 0.560158 9.9955E-05 9.9955E-05 9.9955E-05 9.9955E-05 9.9955E-05
0.00802757 9.9955E-05 9.9955E-05 0.926332 9.9955E-05 0.0651411 9.9955E-05 9.9955E-05
9.9955E-05 0.260916 9.9955E-05 0.201911 9.9955E-05 0.536673 9.9955E-05 9.9955E-05
9.9964E-05 0.4865 9.9964E-05 0.0635962 0.00462475 0.444879 9.9964E-05 9.9964E-05
0.156842 9.99731E-05 0.0771203 9.99731E-05 0.600917 0.0519865 0.112834 9.99731E-05
9.99641E-05 0.789138 0.0760748 9.99641E-05 9.99641E-05 0.125099 9.99641E-05 0.00928772
0.00933894 0.650417 9.9955E-05 9.9955E-05 9.9955E-05 0.339744 9.9955E-05 9.9955E-05
0.600338 0.399063 9.9946E-05 9.9946E-05 9.9946E-05 9.9946E-05 9.9946E-05 9.9946E-05
9.99462E-05 9.99462E-05 9.99462E-05 0.437622 9.99462E-05 9.99462E-05 9.99462E-05 0.561778
9.994E-05 9.994E-05 9.994E-05 9.994E-05 9.994E-05 9.994E-05 0.9993 9.994E-05
9.994E-05 9.994E-05 9.994E-05 9.994E-05 9.994E-05 9.994E-05 9.994E-05 0.9993
0.797469 0.0987128 0.0823913 9.99641E-05 0.0210272 9.99641E-05 9.99641E-05 9.99641E-05
9.99461E-05 9.99461E-05 9.99461E-05 0.790597 9.99461E-05 0.208803 9.99461E-05 9.99461E-05
9.99551E-05 9.99551E-05 9.99551E-05 0.084624 9.99551E-05 0.890467 9.99551E-05 0.0244089
0.00557219 9.99731E-05 0.0218191 9.99731E-05 9.99731E-05 0.0558495 0.00602018 0.910439
9.99731E-05 0.20344 9.99731E-05 0.573139 0.0751136 0.13152 9.99731E-05 0.016487
