0.0586419 9.9991E-05 0.684914 0.256345
9.998E-05 9.998E-05 0.9997 9.998E-05
9.9982E-05 9.9982E-05 0.500122 0.499678
9.999E-05 0.243206 0.558497 0.198197
0.606955 9.9982E-05 9.9982E-05 0.392845
9.9991E-05 0.787736 0.123741 0.0884233
0.0254675 0.106931 9.9991E-05 0.867502
9.99821E-05 9.99821E-05 0.953278 0.0465222
0.0899344 0.909866 9.99821E-05 9.99821E-05
0.477159 9.9982E-05 9.9982E-05 0.522641
0.170145 9.99821E-05 9.99821E-05 0.829655
9.9982E-05 0.0174839 0.982316 9.9982E-05
0.47597 0.118124 9.9991E-05 0.405806
9.999E-05 0.011502 0.0796531 0.908745
0.813719 9.9982E-05 9.9982E-05 0.186081
0.657915 0.341885 9.99821E-05 9.99821E-05
9.998E-05 9.998E-05 0.9997 9.998E-05
0.42746 0.366005 9.9991E-05 0.206435
9.9982E-05 0.929509 0.0702909 9.9982E-05
0.749608 0.250192 9.99821E-05 9.99821E-05
0.564537 0.435263 9.9982E-05 9.9982E-05
0.235058 0.642886 0.121956 9.9991E-05
0.725157 0.260055 9.9991E-05 0.0146883
0.0115027 0.237096 0.455199 0.296202
9.9991E-05 0.0466241 0.0421679 0.911108
0.934911 9.9991E-05 0.00592086 0.0590685
9.9991E-05 0.0131525 0.691353 0.295395
0.133101 0.603353 0.00714053 0.256406
0.00592433 9.99821E-05 0.993876 9.99821E-05
9.99821E-05 0.550289 0.449511 9.99821E-05
9.99821E-05 9.99821E-05 0.0103651 0.989435
9.998E-05 9.998E-05 9.998E-05 0.9997
0.178971 9.9982E-05 9.9982E-05 0.820829
9.9982E-05 0.945095 9.9982E-05 0.0547051
9.9991E-05 0.0256626 0.873887 0.10035
0.534849 0.464951 9.9982E-05 9.9982E-05
9.998E-05 0.9997 9.998E-05 9.998E-05
9.9991E-05 0.898502 0.0408039 0.0605939
0.135968 0.0681596 0.0301703 0.765702
9.99858E-05 0.799027 0.200773 9.99858E-05
9.9982E-05 0.620996 0.378804 9.9982E-05
9.9982E-05 0.0224213 0.977379 9.9982E-05
0.860957 0.132852 0.006091 9.9991E-05
9.998E-05 9.998E-05 9.998E-05 0.9997
0.907797 9.9982E-05 9.9982E-05 0.0920026
0.0366384 9.99821E-05 0.963162 9.99821E-05
0.365044 0.634756 9.9982E-05 9.9982E-05
0.0393007 0.960499 9.99821E-05 9.99821E-05
0.845584 9.99821E-05 0.154216 9.99821E-05
0.506742 0.493058 9.9982E-05 9.9982E-05
