9.9982E-05 0.266186 0.0423551 0.0169699 0.674289 9.9982E-05
9.99641E-05 9.99641E-05 0.049818 9.99641E-05 0.949782 9.99641E-05
9.9973E-05 0.600651 0.0523872 9.9973E-05 0.346662 9.9973E-05
9.99731E-05 0.217097 9.99731E-05 9.99731E-05 0.538588 0.244016
9.9964E-05 0.152405 9.9964E-05 0.847195 9.9964E-05 9.9964E-05
9.9964E-05 0.0901561 9.9964E-05 9.9964E-05 9.9964E-05 0.909444
0.656844 0.225022 0.117834 9.9973E-05 9.9973E-05 9.9973E-05
9.99641E-05 0.0400185 9.99641E-05 9.99641E-05 0.959582 9.99641E-05
9.99641E-05 9.99641E-05 0.548315 9.99641E-05 9.99641E-05 0.451285
0.574906 9.9964E-05 9.9964E-05 0.424694 9.9964E-05 9.9964E-05
0.9995 9.996E-05 9.996E-05 9.996E-05 9.996E-05 9.996E-05
9.9964E-05 9.9964E-05 9.9964E-05 9.9964E-05 0.91377 0.0858303
0.0793834 0.241643 0.134755 0.496748 0.00342891 0.0440417
0.0227302 0.813787 9.99821E-05 0.123168 9.99821E-05 0.0401147
9.996E-05 9.996E-05 9.996E-05 0.9995 9.996E-05 9.996E-05
0.118711 9.99641E-05 0.88089 9.99641E-05 9.99641E-05 9.99641E-05
9.99731E-05 0.0411899 9.99731E-05 9.99731E-05 0.890206 0.0683041
0.413472 9.9982E-05 0.208943 0.129835 9.9982E-05 0.247549
9.996E-05 9.996E-05 9.996E-05 9.996E-05 9.996E-05 0.9995
9.996E-05 9.996E-05 0.9995 9.996E-05 9.996E-05 9.996E-05
9.99821E-05 9.99821E-05 0.885503 0.104128 0.00395101 0.00621802
0.0184379 9.998E-05 0.533679 9.998E-05 0.147457 0.300227
0.185842 9.9973E-05 0.758312 0.0555454 9.9973E-05 9.9973E-05
9.9982E-05 0.19267 0.289805 9.9982E-05 0.513494 0.00383204
9.9973E-05 0.9454 0.00376728 9.9973E-05 9.9973E-05 0.050533
9.99641E-05 9.99641E-05 0.125229 0.874371 9.99641E-05 9.99641E-05
9.99731E-05 0.362713 9.99731E-05 9.99731E-05 0.621538 0.0154489
0.0521428 0.141937 9.99821E-05 0.214931 9.99821E-05 0.590789
9.996E-05 9.996E-05 9.996E-05 9.996E-05 0.9995 9.996E-05
9.99642E-05 9.99642E-05 9.99642E-05 9.99642E-05 0.356324 0.643276
0.32835 0.671251 9.9964E-05 9.9964E-05 9.9964E-05 9.9964E-05
9.996E-05 0.9995 9.996E-05 9.996E-05 9.996E-05 9.996E-05
0.677806 0.0898722 9.9973E-05 0.232021 9.9973E-05 9.9973E-05
9.9964E-05 0.108309 9.9964E-05 9.9964E-05 9.9964E-05 0.891291
9.9973E-05 0.136407 9.9973E-05 9.9973E-05 0.728111 0.135182
9.996E-05 9.996E-05 0.9995 9.996E-05 9.996E-05 9.996E-05
9.99641E-05 9.99641E-05 0.239835 9.99641E-05 9.99641E-05 0.759765
0.0542748 0.0199317 0.0273717 9.9991E-05 0.000827955 0.897494
0.828996 9.99731E-05 9.99731E-05 9.99731E-05 0.0901958 0.0805085
0.0186629 9.99821E-05 9.99821E-05 0.0415994 0.0882449 0.851293
9.9964E-05 9.9964E-05 9.9964E-05 9.9964E-05 0.219208 0.780393
9.9964E-05 9.9964E-05 9.9964E-05 9.9964E-05 0.825763 0.173837
9.99641E-05 9.99641E-05 0.66716 0.33244 9.99641E-05 9.99641E-05
0.0053321 0.994268 9.9964E-05 9.9964E-05 9.9964E-05 9.9964E-05
9.996E-05 9.996E-05 9.996E-05 0.9995 9.996E-05 9.996E-05
0.0191993 9.99641E-05 9.99641E-05 9.99641E-05 0.980401 9.99641E-05
9.9964E-05 9.9964E-05 0.861247 9.9964E-05 9.9964E-05 0.138353
9.99731E-05 9.99731E-05 0.112081 0.00695125 9.99731E-05 0.880668
9.99731E-05 9.99731E-05 0.255298 0.646402 0.098 9.99731E-05
0.0808844 9.99731E-05 0.711737 9.99731E-05 9.99731E-05 0.207079
