0.0906459 9.99551E-05 9.99551E-05 9.99551E-05 0.678463 0.192053 9.99551E-05 9.99551E-05 0.0383389
0.023501 9.99461E-05 9.99461E-05 9.99461E-05 0.937292 9.99461E-05 0.0386076 9.99461E-05 9.99461E-05
0.021706 9.9955E-05 9.9955E-05 9.9955E-05 0.331369 0.62478 0.0216459 9.9955E-05 9.9955E-05
9.993E-05 9.993E-05 9.993E-05 0.999201 9.993E-05 9.993E-05 9.993E-05 9.993E-05 9.993E-05
9.9946E-05 9.9946E-05 9.9946E-05 0.00140017 9.9946E-05 0.0566769 9.9946E-05 9.9946E-05 0.941323
9.99551E-05 0.904147 9.99551E-05 9.99551E-05 0.0181954 0.0409737 9.99551E-05 9.99551E-05 0.0361841
9.9964E-05 9.9964E-05 0.486703 0.133811 9.9964E-05 0.216708 0.093964 0.0684139 9.9964E-05
9.99461E-05 9.99461E-05 0.0911926 0.00890585 0.899302 9.99461E-05 9.99461E-05 9.99461E-05 9.99461E-05
9.99461E-05 0.471276 9.99461E-05 9.99461E-05 9.99461E-05 9.99461E-05 0.416511 0.111614 9.99461E-05
9.9937E-05 9.9937E-05 0.546447 9.9937E-05 9.9937E-05 9.9937E-05 9.9937E-05 9.9937E-05 0.452854
9.993E-05 9.993E-05 0.999201 9.993E-05 9.993E-05 9.993E-05 9.993E-05 9.993E-05 9.993E-05
9.9946E-05 0.0986767 9.9946E-05 0.0193309 0.881393 9.9946E-05 9.9946E-05 9.9946E-05 9.9946E-05
0.0431179 9.9982E-05 0.23441 9.9982E-05 0.00457462 0.126379 0.172139 0.154724 0.264455
9.995E-05 9.995E-05 9.995E-05 0.0544656 9.995E-05 0.702606 9.995E-05 0.117945 0.124483
9.993E-05 9.993E-05 9.993E-05 9.993E-05 9.993E-05 9.993E-05 9.993E-05 9.993E-05 0.999201
9.99371E-05 9.99371E-05 9.99371E-05 9.99371E-05 9.99371E-05 9.99371E-05 0.974622 0.024678 9.99371E-05
9.9946E-05 9.9946E-05 9.9946E-05 0.317958 0.453654 9.9946E-05 9.9946E-05 0.227788 9.9946E-05
9.9955E-05 0.1484 0.226452 9.9955E-05 9.9955E-05 9.9955E-05 0.479169 9.9955E-05 0.145479
9.99461E-05 0.920218 9.99461E-05 0.00586589 0.0733165 9.99461E-05 9.99461E-05 9.99461E-05 9.99461E-05
0.51545 9.99461E-05 9.99461E-05 0.0193466 9.99461E-05 9.99461E-05 0.464604 9.99461E-05 9.99461E-05
0.696321 9.99461E-05 9.99461E-05 9.99461E-05 9.99461E-05 9.99461E-05 0.0186099 0.28447 9.99461E-05
9.9937E-05 9.9937E-05 9.9937E-05 9.9937E-05 9.9937E-05 9.9937E-05 0.00572854 0.993572 9.9937E-05
9.99371E-05 9.99371E-05 9.99371E-05 9.99371E-05 9.99371E-05 9.99371E-05 0.845806 9.99371E-05 0.153495
0.122086 9.9955E-05 0.0454314 0.78978 9.9955E-05 9.9955E-05 0.042203 9.9955E-05 9.9955E-05
0.0658954 0.0672794 9.9946E-05 9.9946E-05 9.9946E-05 0.866226 9.9946E-05 9.9946E-05 9.9946E-05
0.153302 9.9955E-05 9.9955E-05 9.9955E-05 0.000296569 9.9955E-05 0.165998 9.9955E-05 0.679904
9.99371E-05 9.99371E-05 9.99371E-05 0.96236 9.99371E-05 0.0369404 9.99371E-05 9.99371E-05 9.99371E-05
9.99371E-05 9.99371E-05 9.99371E-05 9.99371E-05 9.99371E-05 0.0609313 9.99371E-05 0.938369 9.99371E-05
9.99373E-05 9.99373E-05 9.99373E-05 9.99373E-05 0.972089 9.99373E-05 0.0272117 9.99373E-05 9.99373E-05
9.99551E-05 0.418955 9.99551E-05 0.0608474 0.169052 9.99551E-05 9.99551E-05 0.350646 9.99551E-05
9.99461E-05 9.99461E-05 0.313679 9.99461E-05 0.00804845 0.677673 9.99461E-05 9.99461E-05 9.99461E-05
9.993E-05 9.993E-05 9.993E-05 9.993E-05 9.993E-05 0.999201 9.993E-05 9.993E-05 9.993E-05
9.9946E-05 9.9946E-05 0.827748 9.9946E-05 9.9946E-05 0.016073 9.9946E-05 9.9946E-05 0.155579
9.99551E-05 0.915944 9.99551E-05 9.99551E-05 9.99551E-05 0.0534925 0.00622796 9.99551E-05 0.0238354
9.99461E-05 9.99461E-05 9.99461E-05 0.808693 0.178766 9.99461E-05 9.99461E-05 0.0119417 9.99461E-05
9.99371E-05 0.0668641 9.99371E-05 9.99371E-05 9.99371E-05 9.99371E-05 0.932436 9.99371E-05 9.99371E-05
0.121497 0.66274 9.99461E-05 9.99461E-05 9.99461E-05 9.99461E-05 9.99461E-05 0.215163 9.99461E-05
9.9955E-05 0.841466 0.0415797 9.9955E-05 9.9955E-05 0.0675408 0.0489134 9.9955E-05 9.9955E-05
9.99461E-05 0.0886977 0.789874 9.99461E-05 0.120829 9.99461E-05 9.99461E-05 9.99461E-05 9.99461E-05
0.0376633 0.647044 9.99552E-05 0.242089 9.99552E-05 9.99552E-05 9.99552E-05 0.0727039 9.99552E-05
9.99461E-05 0.750512 9.99461E-05 9.99461E-05 0.205624 9.99461E-05 9.99461E-05 0.0432642 9.99461E-05
9.99461E-05 0.183197 9.99461E-05 9.99461E-05 0.80402 9.99461E-05 9.99461E-05 0.012184 9.99461E-05
0.999201 9.993E-05 9.993E-05 9.993E-05 9.993E-05 9.993E-05 9.993E-05 9.993E-05 9.993E-05
9.993E-05 9.993E-05 9.993E-05 9.993E-05 9.993E-05 0.999201 9.993E-05 9.993E-05 9.993E-05
0.256945 9.99372E-05 9.99372E-05 9.99372E-05 9.99372E-05 9.99372E-05 9.99372E-05 9.99372E-05 0.742355
9.99461E-05 9.99461E-05 9.99461E-05 0.133189 0.83242 9.99461E-05 0.0337919 9.99461E-05 9.99461E-05
0.325971 0.292439 9.9946E-05 9.9946E-05 9.9946E-05 9.9946E-05 0.38099 9.9946E-05 9.9946E-05
9.99371E-05 0.694534 9.99371E-05 9.99371E-05 9.99371E-05 9.99371E-05 0.304766 9.99371E-05 9.99371E-05
0.818108 9.99371E-05 0.181193 9.99371E-05 9.99371E-05 9.99371E-05 9.99371E-05 9.99371E-05 9.99371E-05
0.558363 0.263527 0.030249 9.9955E-05 9.9955E-05 9.9955E-05 0.147362 9.9955E-05 9.9955E-05
