9.9973E-05 9.9973E-05 0.28515 9.9973E-05 0.141367 0.573183
9.9964E-05 9.9964E-05 9.9964E-05 9.9964E-05 0.0904981 0.909102
9.9973E-05 9.9973E-05 0.558589 9.9973E-05 0.0927826 0.348329
9.997E-05 0.359493 0.197411 9.997E-05 9.997E-05 0.442796
0.0951118 9.9973E-05 0.165923 0.738665 9.9973E-05 9.9973E-05
9.9973E-05 0.856042 0.105323 9.9973E-05 0.0383353 9.9973E-05
0.654942 0.0752058 0.233894 9.9982E-05 0.0357582 9.9982E-05
0.0286752 9.99731E-05 0.0449162 9.99731E-05 9.99731E-05 0.926109
9.996E-05 0.431714 9.996E-05 9.996E-05 0.567886 9.996E-05
0.784694 9.9964E-05 9.9964E-05 0.214906 9.9964E-05 9.9964E-05
0.9995 9.996E-05 9.996E-05 9.996E-05 9.996E-05 9.996E-05
9.99641E-05 0.142731 9.99641E-05 9.99641E-05 9.99641E-05 0.856869
0.164894 0.127251 0.186625 0.506131 9.9991E-05 0.0149997
0.147238 0.0565376 0.777031 0.00666842 0.0124255 9.9991E-05
9.996E-05 9.996E-05 9.996E-05 0.9995 9.996E-05 9.996E-05
9.99641E-05 9.99641E-05 0.0978059 9.99641E-05 0.901794 9.99641E-05
9.9964E-05 0.123068 9.9964E-05 9.9964E-05 9.9964E-05 0.876532
0.412913 0.212608 9.9982E-05 0.00442202 0.369857 9.9982E-05
9.996E-05 0.959625 9.996E-05 9.996E-05 9.996E-05 0.0399754
9.99641E-05 9.99641E-05 9.99641E-05 0.0514832 0.948117 9.99641E-05
9.9982E-05 0.0452683 9.9982E-05 0.204042 0.677745 0.0727441
9.9982E-05 0.286419 9.9982E-05 0.0602042 0.467164 0.186013
0.108199 9.99777E-05 9.99777E-05 0.111127 0.780375 9.99777E-05
0.131688 0.108987 0.142214 0.0121869 0.136461 0.468464
9.99641E-05 0.0236813 0.975919 9.99641E-05 9.99641E-05 9.99641E-05
9.9973E-05 9.9973E-05 0.0488371 0.727371 0.223492 9.9973E-05
9.99731E-05 0.126072 0.396914 9.99731E-05 9.99731E-05 0.476714
0.0207248 0.588647 0.188447 0.201981 9.99821E-05 9.99821E-05
0.00548618 9.99732E-05 9.99732E-05 0.0178627 9.99732E-05 0.976351
9.99731E-05 0.696862 0.000356076 9.99731E-05 9.99731E-05 0.302482
0.326777 9.99641E-05 0.672823 9.99641E-05 9.99641E-05 9.99641E-05
9.996E-05 9.996E-05 0.9995 9.996E-05 9.996E-05 9.996E-05
0.921039 9.9982E-05 0.0356161 0.0212355 9.9982E-05 0.0219091
9.9973E-05 0.848723 0.1075 9.9973E-05 0.043477 9.9973E-05
9.9973E-05 0.12725 0.160664 9.9973E-05 9.9973E-05 0.711787
9.9964E-05 9.9964E-05 9.9964E-05 9.9964E-05 0.982269 0.0173307
9.9964E-05 0.825672 9.9964E-05 9.9964E-05 0.173928 9.9964E-05
0.0923525 0.82035 9.9973E-05 9.9973E-05 0.0869974 9.9973E-05
0.873288 0.0290272 9.99731E-05 9.99731E-05 9.99731E-05 0.0973847
9.99641E-05 0.935935 9.99641E-05 0.0636652 9.99641E-05 9.99641E-05
9.9964E-05 0.833651 9.9964E-05 9.9964E-05 9.9964E-05 0.165949
9.99641E-05 0.17899 9.99641E-05 9.99641E-05 9.99641E-05 0.820611
9.99641E-05 9.99641E-05 9.99641E-05 0.412614 0.586986 9.99641E-05
9.996E-05 9.996E-05 0.9995 9.996E-05 9.996E-05 9.996E-05
9.996E-05 9.996E-05 9.996E-05 0.9995 9.996E-05 9.996E-05
9.99641E-05 9.99641E-05 9.99641E-05 9.99641E-05 0.0551045 0.944496
9.9964E-05 0.111445 9.9964E-05 9.9964E-05 0.888155 9.9964E-05
9.99731E-05 0.850018 9.99731E-05 0.00349496 0.146187 9.99731E-05
9.99731E-05 0.013508 9.99731E-05 0.925317 9.99731E-05 0.0608754
0.116959 0.331158 9.998E-05 0.00962925 0.542055 9.998E-05
