9.9982E-05 0.105863 0.159885 9.9982E-05 0.734051
9.9973E-05 0.0533692 9.9973E-05 9.9973E-05 0.946331
9.9982E-05 0.00452467 0.575063 9.9982E-05 0.420213
0.0605218 9.9991E-05 0.0963504 0.3263 0.516728
0.9996 9.997E-05 9.997E-05 9.997E-05 9.997E-05
9.9973E-05 9.9973E-05 0.123882 0.875818 9.9973E-05
0.145893 0.0949508 0.725049 0.0340067 9.9991E-05
9.99731E-05 9.99731E-05 0.0818254 9.99731E-05 0.917875
9.99731E-05 0.512564 9.99731E-05 0.487137 9.99731E-05
0.946882 9.9973E-05 0.0528179 9.9973E-05 9.9973E-05
0.544612 9.99731E-05 0.455088 9.99731E-05 9.99731E-05
9.9973E-05 9.9973E-05 9.9973E-05 0.109606 0.890095
0.638159 0.151622 0.107297 0.00943797 0.0934845
0.113326 0.0177547 0.754717 9.9991E-05 0.114102
0.888885 0.110815 9.99731E-05 9.99731E-05 9.99731E-05
9.9973E-05 0.874734 0.124966 9.9973E-05 9.9973E-05
0.0203483 9.9991E-05 0.012756 0.13061 0.836186
0.215157 0.358697 0.176912 0.249134 9.9991E-05
9.997E-05 9.997E-05 9.997E-05 0.9996 9.997E-05
0.0307953 0.968905 9.99731E-05 9.99731E-05 9.99731E-05
0.0197382 0.871908 9.9991E-05 0.0546936 0.0535607
9.9982E-05 0.475342 9.9982E-05 0.356808 0.16765
0.10448 0.828525 0.0667952 9.9982E-05 9.9982E-05
0.113184 0.0739964 0.223619 0.231323 0.357877
9.99731E-05 9.99731E-05 0.964705 0.0349951 9.99731E-05
0.654467 0.345233 9.9973E-05 9.9973E-05 9.9973E-05
9.99821E-05 9.99821E-05 0.261772 0.0484971 0.689531
0.396447 0.0133229 9.9982E-05 0.59003 9.9982E-05
9.99732E-05 0.0107171 9.99732E-05 9.99732E-05 0.988983
9.99731E-05 9.99731E-05 9.99731E-05 0.673871 0.325829
9.997E-05 9.997E-05 0.9996 9.997E-05 9.997E-05
9.997E-05 9.997E-05 0.9996 9.997E-05 9.997E-05
0.576982 9.9973E-05 0.422718 9.9973E-05 9.9973E-05
9.99821E-05 0.0121544 0.0375411 0.950105 9.99821E-05
0.0019175 9.9991E-05 0.00966435 0.158678 0.829641
9.9973E-05 0.976823 0.0228769 9.9973E-05 9.9973E-05
9.9973E-05 0.170374 9.9973E-05 0.829326 9.9973E-05
9.9982E-05 0.0636027 0.0520407 0.884157 9.9982E-05
0.176301 9.9991E-05 0.609449 0.171002 0.0431478
0.0401305 9.99821E-05 9.99821E-05 0.900185 0.0594844
9.9973E-05 9.9973E-05 9.9973E-05 0.805742 0.193958
9.9973E-05 9.9973E-05 9.9973E-05 0.100605 0.899095
0.125077 0.874623 9.99731E-05 9.99731E-05 9.99731E-05
9.997E-05 9.997E-05 0.9996 9.997E-05 9.997E-05
0.783015 0.216685 9.99731E-05 9.99731E-05 9.99731E-05
9.99731E-05 0.0714292 9.99731E-05 9.99731E-05 0.928271
9.9973E-05 0.853319 9.9973E-05 0.146381 9.9973E-05
9.99731E-05 0.245035 9.99731E-05 0.754665 9.99731E-05
0.526179 0.382549 9.99821E-05 9.99821E-05 0.0910725
0.0166904 0.748863 9.99821E-05 0.234246 9.99821E-05
