0.0502241 0.716753 9.9991E-05 0.232923
0.0505787 0.949221 9.9982E-05 9.9982E-05
9.9982E-05 0.501907 9.9982E-05 0.497894
9.999E-05 0.797617 0.107418 0.0948648
0.50774 9.9982E-05 9.9982E-05 0.49206
9.9991E-05 0.137765 0.799002 0.0631327
0.0180818 9.9991E-05 0.100855 0.880963
9.99821E-05 0.941714 9.99821E-05 0.0580857
0.0335738 9.99821E-05 0.966226 9.99821E-05
0.415313 9.9982E-05 9.9982E-05 0.584487
0.0785777 9.99821E-05 9.99821E-05 0.921222
9.9982E-05 0.919635 0.0801648 9.9982E-05
0.547472 9.9991E-05 0.108264 0.344164
9.999E-05 0.0518182 0.0929461 0.855136
0.7386 9.9982E-05 9.9982E-05 0.2612
0.645728 9.9991E-05 0.346129 0.00804262
9.998E-05 0.9997 9.998E-05 9.998E-05
0.351967 9.9991E-05 0.38054 0.267393
9.9982E-05 0.178544 0.821256 9.9982E-05
0.70672 9.9982E-05 0.29308 9.9982E-05
0.567725 9.9982E-05 0.432075 9.9982E-05
0.224313 0.129739 0.645849 9.9991E-05
0.774845 9.9982E-05 0.224955 9.9982E-05
0.0248057 0.568562 0.151785 0.254847
9.9991E-05 0.10536 0.0772184 0.817321
0.85381 9.9982E-05 9.9982E-05 0.14599
9.9982E-05 0.762315 9.9982E-05 0.237485
0.0756004 9.9991E-05 0.598725 0.325575
0.0228079 0.976992 9.99821E-05 9.99821E-05
9.99821E-05 0.445352 0.554448 9.99821E-05
9.998E-05 9.998E-05 9.998E-05 0.9997
9.998E-05 9.998E-05 9.998E-05 0.9997
0.141099 9.9982E-05 9.9982E-05 0.858701
9.9982E-05 9.9982E-05 0.921843 0.0779573
9.9991E-05 0.946931 0.00196069 0.0510081
0.537956 9.9982E-05 0.461844 9.9982E-05
9.9982E-05 0.0222451 0.977555 9.9982E-05
9.9991E-05 0.0663436 0.864632 0.068924
9.9991E-05 0.0447254 0.124523 0.830651
9.99821E-05 0.200304 0.799496 9.99821E-05
9.9982E-05 0.3374 0.662401 9.9982E-05
9.998E-05 0.9997 9.998E-05 9.998E-05
0.875965 9.99821E-05 0.123835 9.99821E-05
9.9982E-05 0.0778727 9.9982E-05 0.921927
0.926309 9.9982E-05 9.9982E-05 0.0734913
9.998E-05 0.9997 9.998E-05 9.998E-05
0.37983 9.9982E-05 0.61997 9.9982E-05
0.0602239 9.99821E-05 0.939576 9.99821E-05
0.869662 0.130138 9.9982E-05 9.9982E-05
0.430981 9.9982E-05 0.568819 9.9982E-05
