0.743063 9.9991E-05 0.138282 0.118555
0.948931 9.9982E-05 9.9982E-05 0.0508687
0.463274 9.9982E-05 0.536526 9.9982E-05
0.750753 0.111896 0.137252 9.9991E-05
9.9982E-05 9.9982E-05 0.524815 0.474985
0.0339468 0.868069 0.097884 9.9991E-05
9.999E-05 0.132255 0.839631 0.0280142
0.9845 9.99821E-05 0.0152999 9.99821E-05
9.99821E-05 0.8136 9.99821E-05 0.1862
9.9982E-05 9.9982E-05 0.677058 0.322742
9.99821E-05 9.99821E-05 0.881289 0.118511
0.942841 0.056959 9.9982E-05 9.9982E-05
9.9991E-05 0.135666 0.482099 0.382135
0.126921 9.99821E-05 0.872879 9.99821E-05
9.9982E-05 9.9982E-05 0.291894 0.707906
9.9991E-05 0.295867 0.0341656 0.669868
0.937464 0.0623361 9.9982E-05 9.9982E-05
9.9991E-05 0.348409 0.329357 0.322134
0.0406663 0.959134 9.9982E-05 9.9982E-05
9.99821E-05 0.226479 9.99821E-05 0.773321
0.0593947 0.244108 9.9991E-05 0.696397
0.113899 0.570297 9.9991E-05 0.315704
9.9982E-05 0.188922 9.9982E-05 0.810878
0.501666 0.144085 0.225817 0.128432
0.194191 9.9982E-05 0.805609 9.9982E-05
9.9982E-05 9.9982E-05 0.147624 0.852176
0.716273 9.99821E-05 0.283527 9.99821E-05
0.0072089 0.629214 0.327066 0.0365105
0.989117 9.99821E-05 9.99821E-05 0.0106831
0.370119 0.629681 9.99821E-05 9.99821E-05
9.998E-05 9.998E-05 0.9997 9.998E-05
9.998E-05 9.998E-05 0.9997 9.998E-05
9.9982E-05 9.9982E-05 0.933519 0.0662811
9.9982E-05 0.947812 0.051988 9.9982E-05
0.943242 0.0173858 0.039272 9.9991E-05
9.9982E-05 0.373918 9.9982E-05 0.625882
9.9982E-05 0.917609 9.9982E-05 0.0821909
0.0189009 0.927282 0.0537172 9.9991E-05
0.0495788 0.119232 0.773442 0.0577475
0.0949115 0.898479 0.00650947 9.9991E-05
0.262236 0.737564 9.9982E-05 9.9982E-05
0.863529 0.136271 9.9982E-05 9.9982E-05
0.00254524 9.99821E-05 9.99821E-05 0.997255
0.073659 9.9982E-05 0.926141 9.9982E-05
9.9982E-05 9.9982E-05 0.144261 0.855539
0.99057 9.99821E-05 9.99821E-05 0.00922977
9.9982E-05 0.49887 9.9982E-05 0.50093
9.99821E-05 0.947591 9.99821E-05 0.0522092
0.109551 9.9991E-05 0.0802939 0.810055
9.9982E-05 0.450129 9.9982E-05 0.549671
