0.211385 9.9982E-05 0.0425592 9.9982E-05 0.745856
9.9973E-05 0.114397 9.9973E-05 9.9973E-05 0.885303
0.531288 9.9973E-05 9.9973E-05 9.9973E-05 0.468412
0.115655 0.745016 0.139129 9.99821E-05 9.99821E-05
0.44647 9.9973E-05 9.9973E-05 0.55323 9.9973E-05
0.0437157 9.9982E-05 0.758977 9.9982E-05 0.197107
0.835195 9.9973E-05 0.164505 9.9973E-05 9.9973E-05
0.0291905 0.209107 9.9982E-05 9.9982E-05 0.761503
9.99821E-05 9.99821E-05 0.894968 0.103599 0.00123216
0.560674 9.9973E-05 9.9973E-05 0.439026 9.9973E-05
0.838346 9.99731E-05 9.99731E-05 0.161354 9.99731E-05
9.9973E-05 0.588004 9.9973E-05 9.9973E-05 0.411696
0.388605 0.0114595 0.131821 0.468014 9.9991E-05
0.899206 0.00429396 0.00969922 9.9991E-05 0.0867008
0.207902 9.99731E-05 9.99731E-05 0.791798 9.99731E-05
0.0185204 9.99821E-05 0.285724 0.695555 9.99821E-05
9.997E-05 0.9996 9.997E-05 9.997E-05 9.997E-05
0.177047 9.9982E-05 0.374218 0.448535 9.9982E-05
9.9982E-05 0.0572204 0.88898 9.9982E-05 0.0535994
9.99731E-05 9.99731E-05 0.283329 0.716371 9.99731E-05
9.9982E-05 9.9982E-05 0.360304 0.565557 0.0739387
9.9982E-05 0.213784 0.544026 0.24199 9.9982E-05
0.00362799 9.9982E-05 0.226832 0.76934 9.9982E-05
0.212043 0.386917 0.169106 0.107335 0.124599
0.868763 0.0704393 0.0605978 9.9982E-05 9.9982E-05
0.105983 9.9973E-05 9.9973E-05 0.893717 9.9973E-05
0.271941 0.727759 9.99731E-05 9.99731E-05 9.99731E-05
0.0600853 0.251937 0.414154 0.273723 9.9991E-05
9.997E-05 9.997E-05 9.997E-05 9.997E-05 0.9996
9.99731E-05 0.494017 0.505683 9.99731E-05 9.99731E-05
0.9996 9.997E-05 9.997E-05 9.997E-05 9.997E-05
0.9996 9.997E-05 9.997E-05 9.997E-05 9.997E-05
0.786589 9.9973E-05 9.9973E-05 0.213111 9.9973E-05
0.0709798 0.0251596 0.903661 9.9982E-05 9.9982E-05
9.997E-05 0.9996 9.997E-05 9.997E-05 9.997E-05
9.9973E-05 9.9973E-05 0.515908 0.483792 9.9973E-05
9.9973E-05 9.9973E-05 0.95121 9.9973E-05 0.0484902
0.0290745 0.154331 0.816395 9.9982E-05 9.9982E-05
0.759946 9.9991E-05 0.132978 0.0442535 0.0627218
9.99731E-05 0.33506 0.66464 9.99731E-05 9.99731E-05
9.9973E-05 0.494973 0.504727 9.9973E-05 9.9973E-05
9.9973E-05 0.802576 9.9973E-05 9.9973E-05 0.197124
9.99731E-05 9.99731E-05 0.122298 0.877402 9.99731E-05
0.907201 0.0924989 9.9973E-05 9.9973E-05 9.9973E-05
0.0993491 9.9973E-05 9.9973E-05 0.900351 9.9973E-05
9.99731E-05 0.716114 9.99731E-05 9.99731E-05 0.283586
9.9973E-05 9.9973E-05 0.602692 0.397008 9.9973E-05
9.99731E-05 9.99731E-05 0.975706 0.0239936 9.99731E-05
9.99821E-05 0.120124 9.99821E-05 0.866366 0.0133099
9.9973E-05 9.9973E-05 0.432372 0.567329 9.9973E-05
