0.0967061 0.138817 0.764377 9.9991E-05
0.0384154 9.9982E-05 0.961385 9.9982E-05
9.9982E-05 0.483643 0.516157 9.9982E-05
9.999E-05 0.0871815 0.591048 0.32167
0.315576 0.684224 9.9982E-05 9.9982E-05
9.9991E-05 0.0178946 0.0759158 0.90609
9.9982E-05 0.872879 9.9982E-05 0.126921
9.99821E-05 0.00243539 0.997365 9.99821E-05
0.315843 9.9982E-05 9.9982E-05 0.683957
0.200696 0.799105 9.9982E-05 9.9982E-05
0.00775338 0.992047 9.99821E-05 9.99821E-05
9.9982E-05 9.9982E-05 0.87596 0.12384
0.437543 0.481697 0.0266596 0.0541007
9.999E-05 0.795648 0.160945 0.0433071
0.537117 0.462683 9.9982E-05 9.9982E-05
0.898672 0.0111614 0.0120323 0.0781342
9.99821E-05 9.99821E-05 0.880778 0.119022
0.406136 0.321253 9.9991E-05 0.272511
9.9982E-05 9.9982E-05 0.0672845 0.932516
0.959021 9.99821E-05 9.99821E-05 0.0407793
0.770203 9.9991E-05 0.006151 0.223546
0.335047 9.9991E-05 0.0750123 0.589841
0.888291 0.0494476 9.9991E-05 0.0621615
0.0686035 0.267329 0.436215 0.227853
9.9991E-05 0.82258 0.131292 0.046028
0.736407 0.263393 9.9982E-05 9.9982E-05
9.9991E-05 0.230953 0.732501 0.0364461
0.205863 0.221647 0.0427905 0.529699
9.998E-05 9.998E-05 0.9997 9.998E-05
0.00870743 9.9991E-05 0.346542 0.644651
9.9982E-05 0.96601 0.0337898 9.9982E-05
9.998E-05 0.9997 9.998E-05 9.998E-05
0.0493889 0.950411 9.9982E-05 9.9982E-05
9.9982E-05 0.0419483 9.9982E-05 0.957852
9.9991E-05 0.0690061 0.799904 0.13099
0.874339 9.9982E-05 9.9982E-05 0.125461
0.0819474 9.9982E-05 9.9982E-05 0.917853
9.9982E-05 0.0467784 9.9982E-05 0.953022
0.110981 0.669873 0.155071 0.0640755
9.99821E-05 9.99821E-05 0.0640821 0.935718
9.9982E-05 9.9982E-05 0.229026 0.770774
9.9982E-05 9.9982E-05 0.800776 0.199024
0.9997 9.998E-05 9.998E-05 9.998E-05
9.9982E-05 0.862802 0.136998 9.9982E-05
0.675496 0.324304 9.9982E-05 9.9982E-05
0.0293488 9.99821E-05 0.970451 9.99821E-05
0.650427 9.9982E-05 9.9982E-05 0.349373
0.153483 9.99821E-05 9.99821E-05 0.846317
0.765564 0.118823 0.115513 9.9991E-05
0.653191 9.9982E-05 9.9982E-05 0.346609
