0.702804 9.9991E-05 0.297096
0.925102 9.9991E-05 0.0747983
0.445425 9.9991E-05 0.554475
0.813182 0.0164807 0.170337
9.9991E-05 0.183998 0.815902
0.637575 0.362325 9.9991E-05
9.999E-05 0.196006 0.803894
0.866351 9.9991E-05 0.133549
0.178674 0.821226 9.9991E-05
9.9991E-05 0.0769198 0.92298
9.999E-05 9.999E-05 0.9998
0.986747 9.9991E-05 0.0131526
9.9991E-05 0.3693 0.6306
0.168371 9.9991E-05 0.831529
9.9991E-05 0.374869 0.625031
9.9991E-05 0.965461 0.034439
0.948969 9.9991E-05 0.0509309
0.0313685 0.571387 0.397244
0.730008 0.269892 9.9991E-05
9.999E-05 0.9998 9.999E-05
0.000847043 0.946007 0.0531456
0.320778 0.679122 9.9991E-05
9.9991E-05 0.826374 0.173526
0.568635 0.121422 0.309943
0.157177 9.9991E-05 0.842723
9.9991E-05 0.555294 0.444606
0.699432 9.9991E-05 0.300468
0.336632 0.455392 0.207975
0.9998 9.999E-05 9.999E-05
0.775773 0.224127 9.9991E-05
9.999E-05 9.999E-05 0.9998
9.999E-05 9.999E-05 0.9998
9.999E-05 9.999E-05 0.9998
0.536863 0.463037 9.9991E-05
0.886283 9.9991E-05 0.113617
9.999E-05 0.9998 9.999E-05
0.449265 0.550635 9.9991E-05
0.567313 0.432587 9.9991E-05
0.202411 0.080288 0.717301
0.697033 0.302867 9.9991E-05
0.908783 0.0911172 9.9991E-05
0.9998 9.999E-05 9.999E-05
9.999E-05 0.9998 9.999E-05
0.135506 9.9991E-05 0.864394
9.9991E-05 0.528562 0.471338
0.895984 9.9991E-05 0.103916
9.999E-05 0.9998 9.999E-05
0.337828 0.662072 9.9991E-05
0.00731578 0.605673 0.387011
0.0556647 0.92202 0.0223157
