0.0105234 9.99461E-05 0.221623 9.99461E-05 9.99461E-05 9.99461E-05 9.99461E-05 9.99461E-05 0.767254
9.9937E-05 9.9937E-05 9.9937E-05 9.9937E-05 9.9937E-05 9.9937E-05 9.9937E-05 0.0703718 0.928929
9.99551E-05 9.99551E-05 0.604626 0.297308 9.99551E-05 0.0549928 9.99551E-05 9.99551E-05 0.0425732
9.993E-05 9.993E-05 9.993E-05 9.993E-05 9.993E-05 9.993E-05 9.993E-05 0.999201 9.993E-05
9.9955E-05 0.0131843 0.116916 9.9955E-05 0.820801 9.9955E-05 9.9955E-05 0.0485986 9.9955E-05
9.9946E-05 9.9946E-05 0.105305 9.9946E-05 9.9946E-05 9.9946E-05 0.818988 9.9946E-05 0.075108
9.9946E-05 0.74757 9.9946E-05 9.9946E-05 9.9946E-05 0.117454 9.9946E-05 0.134376 9.9946E-05
0.0330108 0.0112638 0.0708279 0.651016 9.99641E-05 9.99641E-05 9.99641E-05 9.99641E-05 0.233481
0.201068 9.99461E-05 9.99461E-05 9.99461E-05 9.99461E-05 0.234336 0.563997 9.99461E-05 9.99461E-05
9.9937E-05 0.564568 9.9937E-05 9.9937E-05 0.434732 9.9937E-05 9.9937E-05 9.9937E-05 9.9937E-05
9.993E-05 0.999201 9.993E-05 9.993E-05 9.993E-05 9.993E-05 9.993E-05 9.993E-05 9.993E-05
9.994E-05 9.994E-05 9.994E-05 0.797401 9.994E-05 9.994E-05 0.0197307 9.994E-05 0.182268
9.9991E-05 0.0433318 0.0659805 0.0225666 0.630351 0.0977004 0.024841 0.0555564 0.0595725
9.99461E-05 0.407921 0.236571 9.99461E-05 9.99461E-05 9.99461E-05 9.99461E-05 0.354908 9.99461E-05
9.99372E-05 9.99372E-05 9.99372E-05 9.99372E-05 0.983607 9.99372E-05 0.015693 9.99372E-05 9.99372E-05
9.993E-05 9.993E-05 9.993E-05 9.993E-05 9.993E-05 0.999201 9.993E-05 9.993E-05 9.993E-05
9.99371E-05 9.99371E-05 9.99371E-05 0.886536 9.99371E-05 9.99371E-05 9.99371E-05 0.112764 9.99371E-05
9.9955E-05 0.217657 9.9955E-05 9.9955E-05 0.158612 0.474753 0.148478 9.9955E-05 9.9955E-05
9.99371E-05 9.99371E-05 9.99371E-05 9.99371E-05 9.99371E-05 9.99371E-05 0.987972 9.99371E-05 0.011328
0.999201 9.993E-05 9.993E-05 9.993E-05 9.993E-05 9.993E-05 9.993E-05 9.993E-05 9.993E-05
0.859909 0.0140324 9.99641E-05 9.99641E-05 9.99641E-05 0.00588499 0.0750685 0.0447053 9.99641E-05
9.99461E-05 9.99461E-05 9.99461E-05 0.212259 9.99461E-05 0.627449 0.159693 9.99461E-05 9.99461E-05
9.99371E-05 9.99371E-05 9.99371E-05 9.99371E-05 0.133284 0.866016 9.99371E-05 9.99371E-05 9.99371E-05
0.165121 9.99371E-05 9.99371E-05 9.99371E-05 9.99371E-05 9.99371E-05 9.99371E-05 0.83418 9.99371E-05
0.0127042 9.99461E-05 0.954053 9.99461E-05 9.99461E-05 9.99461E-05 0.0326435 9.99461E-05 9.99461E-05
0.0872623 9.99371E-05 9.99371E-05 9.99371E-05 0.912038 9.99371E-05 9.99371E-05 9.99371E-05 9.99371E-05
9.993E-05 9.993E-05 9.993E-05 9.993E-05 9.993E-05 9.993E-05 9.993E-05 0.999201 9.993E-05
9.99641E-05 9.99641E-05 0.0361472 9.99641E-05 0.367942 0.022724 0.471559 0.101228 9.99641E-05
9.993E-05 9.993E-05 9.993E-05 9.993E-05 9.993E-05 9.993E-05 9.993E-05 9.993E-05 0.999201
0.0105089 0.00026355 9.99551E-05 0.450405 9.99551E-05 9.99551E-05 0.538323 9.99551E-05 9.99551E-05
9.99461E-05 0.508412 0.432226 0.0587625 9.99461E-05 9.99461E-05 9.99461E-05 9.99461E-05 9.99461E-05
9.993E-05 9.993E-05 0.999201 9.993E-05 9.993E-05 9.993E-05 9.993E-05 9.993E-05 9.993E-05
9.9937E-05 0.91205 9.9937E-05 9.9937E-05 0.08725 9.9937E-05 9.9937E-05 9.9937E-05 9.9937E-05
9.994E-05 9.994E-05 0.155544 9.994E-05 9.994E-05 0.0779823 0.765874 9.994E-05 9.994E-05
9.99371E-05 9.99371E-05 9.99371E-05 0.617305 9.99371E-05 9.99371E-05 9.99371E-05 0.381996 9.99371E-05
0.323656 9.9946E-05 9.9946E-05 9.9946E-05 9.9946E-05 0.632477 0.0432676 9.9946E-05 9.9946E-05
0.070038 9.9955E-05 9.9955E-05 9.9955E-05 9.9955E-05 0.147077 0.700167 9.9955E-05 0.0822178
9.995E-05 0.0705031 9.995E-05 9.995E-05 9.995E-05 0.0446117 0.823565 9.995E-05 0.0608201
9.99551E-05 0.730876 0.081167 0.112824 9.99551E-05 9.99551E-05 0.0746326 9.99551E-05 9.99551E-05
9.99552E-05 9.99552E-05 9.99552E-05 0.00880995 0.0257365 9.99552E-05 0.787816 0.177137 9.99552E-05
9.9937E-05 9.9937E-05 9.9937E-05 0.322868 9.9937E-05 9.9937E-05 0.676432 9.9937E-05 9.9937E-05
9.993E-05 9.993E-05 9.993E-05 0.999201 9.993E-05 9.993E-05 9.993E-05 9.993E-05 9.993E-05
0.999201 9.993E-05 9.993E-05 9.993E-05 9.993E-05 9.993E-05 9.993E-05 9.993E-05 9.993E-05
9.99371E-05 9.99371E-05 0.997499 9.99371E-05 9.99371E-05 9.99371E-05 9.99371E-05 9.99371E-05 0.00180173
0.117458 9.99372E-05 9.99372E-05 9.99372E-05 0.881842 9.99372E-05 9.99372E-05 9.99372E-05 9.99372E-05
9.99372E-05 9.99372E-05 9.99372E-05 0.976131 9.99372E-05 9.99372E-05 9.99372E-05 9.99372E-05 0.0231691
0.435811 9.9946E-05 9.9946E-05 9.9946E-05 9.9946E-05 0.390616 0.172974 9.9946E-05 9.9946E-05
9.99372E-05 9.99372E-05 9.99372E-05 9.99372E-05 9.99372E-05 0.238505 0.760796 9.99372E-05 9.99372E-05
0.248742 9.99551E-05 9.99551E-05 9.99551E-05 0.643691 9.99551E-05 9.99551E-05 0.050264 0.0568037
0.684698 0.056733 9.99461E-05 9.99461E-05 9.99461E-05 9.99461E-05 0.257969 9.99461E-05 9.99461E-05
