9.99821E-05 0.0934742 0.229327 0.676998 9.99821E-05
9.9973E-05 0.0728173 9.9973E-05 0.926883 9.9973E-05
9.998E-05 0.0384043 0.586777 0.374619 9.998E-05
0.276267 9.99821E-05 0.155701 0.567832 9.99821E-05
9.9982E-05 9.9982E-05 0.0060955 0.0126388 0.981066
0.916888 9.9973E-05 0.0828117 9.9973E-05 9.9973E-05
0.000229601 0.145593 0.628042 9.9991E-05 0.226035
9.99821E-05 0.0096097 0.00709854 0.983092 9.99821E-05
0.55764 0.44206 9.99731E-05 9.99731E-05 9.99731E-05
9.997E-05 9.997E-05 9.997E-05 9.997E-05 0.9996
9.99731E-05 9.99731E-05 0.208894 9.99731E-05 0.790806
0.075823 9.9973E-05 9.9973E-05 0.923877 9.9973E-05
0.119895 0.118602 0.0909131 9.9991E-05 0.67049
9.9982E-05 9.9982E-05 0.767595 0.0852688 0.146937
0.108642 9.99731E-05 9.99731E-05 9.99731E-05 0.891058
9.99821E-05 0.816383 0.121129 9.99821E-05 0.0622882
0.0763176 9.9991E-05 0.00897619 0.869273 0.0453337
0.291121 0.20343 0.0452201 9.9991E-05 0.460128
0.939008 9.9973E-05 9.9973E-05 0.0606925 9.9973E-05
9.997E-05 0.9996 9.997E-05 9.997E-05 9.997E-05
0.0603174 0.904288 9.9991E-05 0.0233362 0.0119584
0.464257 0.367146 9.9991E-05 0.108533 0.0599632
0.0185688 0.778769 0.0576705 0.0116307 0.133361
0.00501129 0.308561 0.195561 0.490766 9.9991E-05
0.085712 9.9973E-05 0.913988 9.9973E-05 9.9973E-05
9.9973E-05 0.361735 9.9973E-05 9.9973E-05 0.637965
0.0226803 9.9982E-05 0.358202 0.618918 9.9982E-05
0.551419 0.078917 0.249473 9.9991E-05 0.12009
9.99732E-05 0.0213844 9.99732E-05 0.978316 9.99732E-05
0.59814 9.99821E-05 9.99821E-05 0.339774 0.0618854
9.99731E-05 9.99731E-05 0.973439 9.99731E-05 0.0262608
9.997E-05 9.997E-05 0.9996 9.997E-05 9.997E-05
9.9973E-05 9.9973E-05 0.262818 9.9973E-05 0.736882
0.898246 9.9973E-05 0.101454 9.9973E-05 9.9973E-05
0.157017 9.9982E-05 0.106958 0.735825 9.9982E-05
0.0704575 0.923839 0.00550371 9.9982E-05 9.9982E-05
0.781782 0.217918 9.9973E-05 9.9973E-05 9.9973E-05
0.927147 9.9973E-05 0.0725531 9.9973E-05 9.9973E-05
0.157253 9.9991E-05 0.296351 0.0455498 0.500746
0.869278 9.99821E-05 9.99821E-05 0.068011 0.0625109
0.758706 9.9973E-05 9.9973E-05 0.240994 9.9973E-05
0.113612 9.9973E-05 9.9973E-05 0.886088 9.9973E-05
9.99731E-05 0.978185 9.99731E-05 9.99731E-05 0.0215152
9.9973E-05 9.9973E-05 0.997195 0.00250462 9.9973E-05
9.9973E-05 0.319965 9.9973E-05 9.9973E-05 0.679735
9.997E-05 9.997E-05 9.997E-05 0.9996 9.997E-05
0.180282 0.819418 9.9973E-05 9.9973E-05 9.9973E-05
0.909042 0.0906582 9.99731E-05 9.99731E-05 9.99731E-05
9.99821E-05 0.498416 9.99821E-05 0.051818 0.449566
0.217847 0.685641 9.9991E-05 0.0166603 0.0797514
