9.99461E-05 9.99461E-05 9.99461E-05 0.116265 0.0493294 9.99461E-05 9.99461E-05 9.99461E-05 0.57013 0.263676
0.0768853 9.9937E-05 9.9937E-05 9.9937E-05 9.9937E-05 0.0478317 9.9937E-05 9.9937E-05 0.874583 9.9937E-05
9.993E-05 9.993E-05 9.993E-05 9.993E-05 9.993E-05 0.0423011 9.993E-05 9.993E-05 0.375642 0.581357
0.999101 9.99201E-05 9.99201E-05 9.99201E-05 9.99201E-05 9.99201E-05 9.99201E-05 9.99201E-05 9.99201E-05 9.99201E-05
0.000322259 9.99371E-05 0.912891 0.0860877 9.99371E-05 9.99371E-05 9.99371E-05 9.99371E-05 9.99371E-05 9.99371E-05
9.99641E-05 9.99641E-05 9.99641E-05 0.178421 0.00793224 9.99641E-05 0.711685 0.0272733 0.0458087 0.0284796
0.121396 0.0890925 0.177218 0.00398982 9.9964E-05 9.9964E-05 9.9964E-05 0.316064 9.9964E-05 0.29184
9.99372E-05 9.99372E-05 9.99372E-05 9.99372E-05 9.99372E-05 9.99372E-05 9.99372E-05 0.0166228 0.888651 0.0940266
9.99201E-05 9.99201E-05 9.99201E-05 0.999101 9.99201E-05 9.99201E-05 9.99201E-05 9.99201E-05 9.99201E-05 9.99201E-05
9.99281E-05 9.99281E-05 0.975344 9.99281E-05 9.99281E-05 9.99281E-05 9.99281E-05 0.0238567 9.99281E-05 9.99281E-05
9.99201E-05 9.99201E-05 9.99201E-05 9.99201E-05 9.99201E-05 9.99201E-05 9.99201E-05 0.999101 9.99201E-05 9.99201E-05
9.99281E-05 9.99281E-05 9.99281E-05 9.99281E-05 9.99281E-05 9.99281E-05 0.0634962 9.99281E-05 0.935704 9.99281E-05
9.9955E-05 9.9955E-05 0.0791876 9.9955E-05 0.778254 9.9955E-05 0.0357723 9.9955E-05 0.00405028 0.102237
0.183397 9.99462E-05 0.297679 9.99462E-05 9.99462E-05 9.99462E-05 9.99462E-05 0.00825917 9.99462E-05 0.510065
9.99282E-05 9.99282E-05 0.849153 9.99282E-05 9.99282E-05 0.150047 9.99282E-05 9.99282E-05 9.99282E-05 9.99282E-05
9.99282E-05 0.832822 9.99282E-05 0.166378 9.99282E-05 9.99282E-05 9.99282E-05 9.99282E-05 9.99282E-05 9.99282E-05
0.117378 9.99461E-05 0.0418932 9.99461E-05 9.99461E-05 9.99461E-05 0.118552 9.99461E-05 0.721578 9.99461E-05
9.9946E-05 0.498819 0.192796 9.9946E-05 9.9946E-05 9.9946E-05 0.159883 0.147902 9.9946E-05 9.9946E-05
9.99201E-05 9.99201E-05 9.99201E-05 9.99201E-05 9.99201E-05 9.99201E-05 0.999101 9.99201E-05 9.99201E-05 9.99201E-05
0.0175814 0.979189 9.99372E-05 9.99372E-05 0.00253043 9.99372E-05 9.99372E-05 9.99372E-05 9.99372E-05 9.99372E-05
9.99371E-05 9.99371E-05 9.99371E-05 9.99371E-05 9.99371E-05 0.95654 9.99371E-05 9.99371E-05 0.000285675 0.0424749
9.99281E-05 9.99281E-05 9.99281E-05 0.931285 9.99281E-05 9.99281E-05 9.99281E-05 9.99281E-05 0.0679153 9.99281E-05
9.99282E-05 0.915539 0.0836615 9.99282E-05 9.99282E-05 9.99282E-05 9.99282E-05 9.99282E-05 9.99282E-05 9.99282E-05
0.583876 0.0259617 9.99483E-05 0.216736 9.99483E-05 9.99483E-05 9.99483E-05 0.172827 9.99483E-05 9.99483E-05
9.99461E-05 9.99461E-05 9.99461E-05 0.0039187 0.0607851 9.99461E-05 0.0326238 9.99461E-05 9.99461E-05 0.902073
9.9955E-05 0.158988 0.608789 9.9955E-05 0.0519635 0.173864 9.9955E-05 9.9955E-05 0.00589547 9.9955E-05
0.999101 9.99201E-05 9.99201E-05 9.99201E-05 9.99201E-05 9.99201E-05 9.99201E-05 9.99201E-05 9.99201E-05 9.99201E-05
0.074219 9.99551E-05 0.113762 0.0397331 0.27861 9.99551E-05 0.493176 9.99551E-05 9.99551E-05 9.99551E-05
9.99284E-05 9.99284E-05 9.99284E-05 9.99284E-05 0.0354323 9.99284E-05 9.99284E-05 9.99284E-05 0.963768 9.99284E-05
0.207384 9.99462E-05 9.99462E-05 0.148289 9.99462E-05 9.99462E-05 0.486074 9.99462E-05 0.157653 9.99462E-05
9.99371E-05 9.99371E-05 0.00156999 9.99371E-05 9.99371E-05 9.99371E-05 9.99371E-05 0.240604 9.99371E-05 0.757126
9.99282E-05 9.99282E-05 0.0681983 9.99282E-05 9.99282E-05 9.99282E-05 9.99282E-05 9.99282E-05 9.99282E-05 0.931002
9.9946E-05 9.9946E-05 0.514174 9.9946E-05 0.0695961 9.9946E-05 9.9946E-05 0.262366 9.9946E-05 0.153264
9.9955E-05 9.9955E-05 0.0245591 0.044367 9.9955E-05 0.0577475 0.797765 9.9955E-05 9.9955E-05 0.0750618
0.783783 9.9937E-05 9.9937E-05 9.9937E-05 9.9937E-05 9.9937E-05 0.0402852 9.9937E-05 0.175232 9.9937E-05
9.99281E-05 0.991928 9.99281E-05 9.99281E-05 9.99281E-05 0.00727218 9.99281E-05 9.99281E-05 9.99281E-05 9.99281E-05
9.99281E-05 9.99281E-05 9.99281E-05 0.533813 9.99281E-05 9.99281E-05 0.465387 9.99281E-05 9.99281E-05 9.99281E-05
9.9937E-05 0.0646393 9.9937E-05 9.9937E-05 9.9937E-05 9.9937E-05 0.869411 0.0652503 9.9937E-05 9.9937E-05
9.9937E-05 9.9937E-05 9.9937E-05 9.9937E-05 9.9937E-05 9.9937E-05 0.0344311 0.915059 0.0498101 9.9937E-05
0.105369 9.99461E-05 0.0619888 0.0119712 9.99461E-05 9.99461E-05 0.820071 9.99461E-05 9.99461E-05 9.99461E-05
9.9928E-05 9.9928E-05 9.9928E-05 9.9928E-05 9.9928E-05 9.9928E-05 0.750988 9.9928E-05 0.248212 9.9928E-05
9.99281E-05 9.99281E-05 9.99281E-05 9.99281E-05 9.99281E-05 9.99281E-05 0.246942 9.99281E-05 0.752258 9.99281E-05
9.99201E-05 9.99201E-05 9.99201E-05 9.99201E-05 9.99201E-05 0.999101 9.99201E-05 9.99201E-05 9.99201E-05 9.99201E-05
9.99201E-05 9.99201E-05 9.99201E-05 9.99201E-05 9.99201E-05 9.99201E-05 9.99201E-05 9.99201E-05 9.99201E-05 0.999101
9.99371E-05 9.99371E-05 0.0125323 9.99371E-05 0.970553 0.0162153 9.99371E-05 9.99371E-05 9.99371E-05 9.99371E-05
0.294584 0.0705414 9.99371E-05 9.99371E-05 9.99371E-05 9.99371E-05 9.99371E-05 9.99371E-05 0.634175 9.99371E-05
9.9928E-05 9.9928E-05 9.9928E-05 0.393542 9.9928E-05 0.605659 9.9928E-05 9.9928E-05 9.9928E-05 9.9928E-05
9.99373E-05 9.99373E-05 9.99373E-05 9.99373E-05 0.0221489 0.212848 0.764303 9.99373E-05 9.99373E-05 9.99373E-05
9.99282E-05 9.99282E-05 9.99282E-05 0.0119934 0.987207 9.99282E-05 9.99282E-05 9.99282E-05 9.99282E-05 9.99282E-05
9.99552E-05 0.599813 0.0338676 9.99552E-05 9.99552E-05 0.0560027 0.287876 0.0219412 9.99552E-05 9.99552E-05
