9.99551E-05 0.656337 9.99551E-05 0.0818549 0.224335 9.99551E-05 9.99551E-05 9.99551E-05 0.0369738
0.189047 0.741966 9.99461E-05 0.0683872 9.99461E-05 9.99461E-05 9.99461E-05 9.99461E-05 9.99461E-05
9.99371E-05 0.0647123 9.99371E-05 9.99371E-05 9.99371E-05 9.99371E-05 9.99371E-05 9.99371E-05 0.934588
0.967375 9.99372E-05 9.99372E-05 9.99372E-05 9.99372E-05 9.99372E-05 9.99372E-05 0.0319254 9.99372E-05
9.9946E-05 9.9946E-05 0.664982 9.9946E-05 9.9946E-05 0.11425 9.9946E-05 9.9946E-05 0.220169
9.99371E-05 9.99371E-05 9.99371E-05 9.99371E-05 9.99371E-05 9.99371E-05 9.99371E-05 0.929299 0.0700013
0.103286 9.9964E-05 9.9964E-05 0.0337076 0.0157178 0.745568 9.9964E-05 9.9964E-05 0.101321
0.00116287 0.826787 9.99551E-05 9.99551E-05 9.99551E-05 0.022445 9.99551E-05 9.99551E-05 0.149105
9.99372E-05 9.99372E-05 9.99372E-05 0.449871 9.99372E-05 9.99372E-05 9.99372E-05 0.549429 9.99372E-05
9.9937E-05 9.9937E-05 0.414484 9.9937E-05 9.9937E-05 0.584816 9.9937E-05 9.9937E-05 9.9937E-05
9.993E-05 9.993E-05 9.993E-05 9.993E-05 9.993E-05 0.999201 9.993E-05 9.993E-05 9.993E-05
9.99371E-05 0.816967 9.99371E-05 9.99371E-05 9.99371E-05 9.99371E-05 0.182333 9.99371E-05 9.99371E-05
9.99461E-05 9.99461E-05 0.645471 9.99461E-05 0.183981 9.99461E-05 9.99461E-05 0.169949 9.99461E-05
0.153293 9.99462E-05 0.015665 9.99462E-05 0.830442 9.99462E-05 9.99462E-05 9.99462E-05 9.99462E-05
9.99371E-05 9.99371E-05 0.99268 9.99371E-05 9.99371E-05 0.00662036 9.99371E-05 9.99371E-05 9.99371E-05
9.994E-05 9.994E-05 9.994E-05 0.91916 0.0552166 9.994E-05 9.994E-05 9.994E-05 0.0250238
0.182497 0.622792 9.99551E-05 9.99551E-05 9.99551E-05 9.99551E-05 0.154688 9.99551E-05 0.0395241
9.995E-05 9.995E-05 0.00458774 0.318445 9.995E-05 0.466401 9.995E-05 0.210066 9.995E-05
9.9946E-05 0.0820685 9.9946E-05 9.9946E-05 9.9946E-05 9.9946E-05 0.223824 0.693508 9.9946E-05
0.0206635 9.99462E-05 0.10219 0.876547 9.99462E-05 9.99462E-05 9.99462E-05 9.99462E-05 9.99462E-05
9.99551E-05 9.99551E-05 0.0451139 0.746001 9.99551E-05 9.99551E-05 0.158753 9.99551E-05 0.0496319
9.99641E-05 0.126349 9.99641E-05 0.436907 9.99641E-05 0.0201436 0.067632 0.348568 9.99641E-05
9.996E-05 9.996E-05 0.226446 0.730115 0.00173633 0.0338778 9.996E-05 0.00742512 9.996E-05
0.732438 9.9955E-05 9.9955E-05 0.177259 9.9955E-05 0.0556724 9.9955E-05 9.9955E-05 0.034131
9.99371E-05 9.99371E-05 9.99371E-05 9.99371E-05 0.0159702 9.99371E-05 9.99371E-05 9.99371E-05 0.98333
9.9946E-05 9.9946E-05 0.800051 0.118346 0.0810036 9.9946E-05 9.9946E-05 9.9946E-05 9.9946E-05
0.981304 9.99371E-05 9.99371E-05 9.99371E-05 0.0179963 9.99371E-05 9.99371E-05 9.99371E-05 9.99371E-05
9.994E-05 9.994E-05 0.245802 9.994E-05 0.128397 9.994E-05 9.994E-05 0.625201 9.994E-05
9.993E-05 0.999201 9.993E-05 9.993E-05 9.993E-05 9.993E-05 9.993E-05 9.993E-05 9.993E-05
0.0426244 0.261712 9.99461E-05 9.99461E-05 9.99461E-05 9.99461E-05 0.695064 9.99461E-05 9.99461E-05
9.99371E-05 9.99371E-05 9.99371E-05 9.99371E-05 0.894117 0.105184 9.99371E-05 9.99371E-05 9.99371E-05
9.99371E-05 9.99371E-05 9.99371E-05 9.99371E-05 0.961958 9.99371E-05 9.99371E-05 9.99371E-05 0.0373422
9.9946E-05 9.9946E-05 0.148034 9.9946E-05 0.258768 0.592599 9.9946E-05 9.9946E-05 9.9946E-05
9.99371E-05 9.99371E-05 9.99371E-05 9.99371E-05 9.99371E-05 9.99371E-05 9.99371E-05 0.894467 0.104833
0.762517 0.178382 9.9955E-05 9.9955E-05 9.9955E-05 9.9955E-05 0.053284 0.00531753 9.9955E-05
9.995E-05 0.0268266 9.995E-05 0.932737 0.0337821 9.995E-05 9.995E-05 0.00615432 9.995E-05
9.99461E-05 9.99461E-05 9.99461E-05 0.122592 9.99461E-05 9.99461E-05 0.105726 0.771083 9.99461E-05
9.99461E-05 9.99461E-05 9.99461E-05 9.99461E-05 0.0716489 9.99461E-05 0.103343 0.824408 9.99461E-05
9.99371E-05 0.123885 9.99371E-05 9.99371E-05 9.99371E-05 0.875416 9.99371E-05 9.99371E-05 9.99371E-05
0.0435353 9.9937E-05 9.9937E-05 9.9937E-05 9.9937E-05 9.9937E-05 0.955765 9.9937E-05 9.9937E-05
9.9937E-05 0.188228 9.9937E-05 9.9937E-05 9.9937E-05 9.9937E-05 9.9937E-05 0.811072 9.9937E-05
9.99371E-05 0.918735 9.99371E-05 9.99371E-05 9.99371E-05 9.99371E-05 9.99371E-05 0.0805655 9.99371E-05
9.99372E-05 9.99372E-05 0.337194 0.662106 9.99372E-05 9.99372E-05 9.99372E-05 9.99372E-05 9.99372E-05
9.99371E-05 9.99371E-05 9.99371E-05 9.99371E-05 0.954124 9.99371E-05 9.99371E-05 9.99371E-05 0.0451762
9.993E-05 9.993E-05 0.999201 9.993E-05 9.993E-05 9.993E-05 9.993E-05 9.993E-05 9.993E-05
0.0405685 0.874576 9.99551E-05 0.0357575 0.0485978 9.99551E-05 9.99551E-05 9.99551E-05 9.99551E-05
9.99371E-05 9.99371E-05 9.99371E-05 0.779547 9.99371E-05 9.99371E-05 9.99371E-05 0.219753 9.99371E-05
9.99371E-05 9.99371E-05 9.99371E-05 0.000297133 9.99371E-05 9.99371E-05 0.999003 9.99371E-05 9.99371E-05
0.0679203 9.99551E-05 0.805504 0.0518575 9.99551E-05 9.99551E-05 0.074218 9.99551E-05 9.99551E-05
9.99461E-05 9.99461E-05 9.99461E-05 0.565823 9.99461E-05 0.0385063 0.395071 9.99461E-05 9.99461E-05
