9.9955E-05 9.9955E-05 9.9955E-05 9.9955E-05 0.0108876 0.797963 0.157814 9.9955E-05 0.0328358
0.122637 0.0522331 9.9946E-05 9.9946E-05 9.9946E-05 0.82453 9.9946E-05 9.9946E-05 9.9946E-05
0.0271398 9.9964E-05 0.0415945 9.9964E-05 9.9964E-05 0.310953 0.575577 0.0443359 9.9964E-05
0.740287 0.163036 9.99552E-05 9.99552E-05 9.99552E-05 9.99552E-05 0.0896402 9.99552E-05 0.00653642
9.99371E-05 9.99371E-05 9.99371E-05 9.99371E-05 0.948668 9.99371E-05 0.0506322 9.99371E-05 9.99371E-05
9.9955E-05 0.808929 9.9955E-05 9.9955E-05 9.9955E-05 0.112203 0.0543341 0.0240339 9.9955E-05
0.0125225 9.9955E-05 9.9955E-05 0.609399 9.9955E-05 9.9955E-05 0.21691 0.160669 9.9955E-05
0.867635 9.99462E-05 9.99462E-05 0.00194181 9.99462E-05 0.129824 9.99462E-05 9.99462E-05 9.99462E-05
9.99372E-05 0.41476 9.99372E-05 9.99372E-05 9.99372E-05 9.99372E-05 9.99372E-05 0.58454 9.99372E-05
9.99371E-05 9.99371E-05 9.99371E-05 0.518885 0.480415 9.99371E-05 9.99371E-05 9.99371E-05 9.99371E-05
9.993E-05 9.993E-05 9.993E-05 0.999201 9.993E-05 9.993E-05 9.993E-05 9.993E-05 9.993E-05
0.717721 0.0443266 9.99461E-05 9.99461E-05 9.99461E-05 0.237353 9.99461E-05 9.99461E-05 9.99461E-05
9.9937E-05 9.9937E-05 9.9937E-05 9.9937E-05 9.9937E-05 9.9937E-05 0.058712 9.9937E-05 0.940588
0.153501 9.99641E-05 0.0123841 0.207264 0.0719777 9.99641E-05 0.554474 9.99641E-05 9.99641E-05
9.993E-05 9.993E-05 9.993E-05 9.993E-05 0.999201 9.993E-05 9.993E-05 9.993E-05 9.993E-05
9.993E-05 9.993E-05 9.993E-05 9.993E-05 9.993E-05 9.993E-05 9.993E-05 0.999201 9.993E-05
0.999201 9.993E-05 9.993E-05 9.993E-05 9.993E-05 9.993E-05 9.993E-05 9.993E-05 9.993E-05
9.99549E-05 0.110856 9.99549E-05 0.309068 0.122479 9.99549E-05 9.99549E-05 0.457097 9.99549E-05
9.99371E-05 0.982441 9.99371E-05 9.99371E-05 9.99371E-05 0.0168595 9.99371E-05 9.99371E-05 9.99371E-05
9.993E-05 9.993E-05 0.999201 9.993E-05 9.993E-05 9.993E-05 9.993E-05 9.993E-05 9.993E-05
0.0273939 9.99641E-05 0.819172 9.99641E-05 9.99641E-05 9.99641E-05 0.00257423 0.10078 0.0496807
0.277399 0.0747849 9.99461E-05 9.99461E-05 9.99461E-05 9.99461E-05 9.99461E-05 0.647217 9.99461E-05
9.99371E-05 9.99371E-05 9.99371E-05 9.99371E-05 0.126015 9.99371E-05 9.99371E-05 0.873285 9.99371E-05
0.453879 0.041695 0.294199 0.0183175 9.9973E-05 0.0427974 0.148813 9.9973E-05 9.9973E-05
9.9955E-05 0.0307919 0.0638319 9.9955E-05 9.9955E-05 9.9955E-05 0.894534 9.9955E-05 0.010342
9.99371E-05 9.99371E-05 9.99371E-05 9.99371E-05 0.872355 9.99371E-05 9.99371E-05 0.126945 9.99371E-05
0.682675 9.99462E-05 9.99462E-05 9.99462E-05 9.99462E-05 0.0341537 0.282572 9.99462E-05 9.99462E-05
0.0204983 0.42857 9.99461E-05 9.99461E-05 9.99461E-05 9.99461E-05 9.99461E-05 9.99461E-05 0.550332
9.993E-05 9.993E-05 9.993E-05 9.993E-05 9.993E-05 0.999201 9.993E-05 9.993E-05 9.993E-05
0.428787 0.521747 0.0180033 9.99552E-05 9.99552E-05 9.99552E-05 9.99552E-05 9.99552E-05 0.030963
9.99371E-05 9.99371E-05 9.99371E-05 0.267074 9.99371E-05 9.99371E-05 0.732226 9.99371E-05 9.99371E-05
9.993E-05 9.993E-05 9.993E-05 9.993E-05 9.993E-05 9.993E-05 0.999201 9.993E-05 9.993E-05
9.9955E-05 9.9955E-05 9.9955E-05 0.740901 0.0592361 9.9955E-05 0.0307472 9.9955E-05 0.168616
9.995E-05 0.861386 9.995E-05 9.995E-05 0.0162252 9.995E-05 0.0816708 0.0402178 9.995E-05
0.956163 0.0143037 9.99551E-05 9.99551E-05 9.99551E-05 9.99551E-05 0.025319 9.99551E-05 0.00371441
9.9955E-05 0.0353808 0.638379 9.9955E-05 9.9955E-05 0.0283731 9.9955E-05 0.297368 9.9955E-05
9.99551E-05 0.738238 0.159674 9.99551E-05 9.99551E-05 0.000830101 9.99551E-05 0.100759 9.99551E-05
9.9955E-05 0.804364 9.9955E-05 0.0580511 9.9955E-05 0.0308384 9.9955E-05 0.106247 9.9955E-05
0.0410053 0.109933 9.99461E-05 0.848462 9.99461E-05 9.99461E-05 9.99461E-05 9.99461E-05 9.99461E-05
0.143602 0.729264 0.0444556 9.99551E-05 0.0821792 9.99551E-05 9.99551E-05 9.99551E-05 9.99551E-05
0.212685 0.786615 9.99371E-05 9.99371E-05 9.99371E-05 9.99371E-05 9.99371E-05 9.99371E-05 9.99371E-05
0.981484 0.0178169 9.99371E-05 9.99371E-05 9.99371E-05 9.99371E-05 9.99371E-05 9.99371E-05 9.99371E-05
9.99372E-05 9.99372E-05 0.914662 9.99372E-05 0.0846388 9.99372E-05 9.99372E-05 9.99372E-05 9.99372E-05
9.99371E-05 9.99371E-05 9.99371E-05 9.99371E-05 9.99371E-05 9.99371E-05 0.983382 9.99371E-05 0.0159186
9.99461E-05 9.99461E-05 0.176079 9.99461E-05 0.498992 9.99461E-05 9.99461E-05 9.99461E-05 0.32433
0.874929 9.99371E-05 9.99371E-05 9.99371E-05 9.99371E-05 0.124371 9.99371E-05 9.99371E-05 9.99371E-05
9.9964E-05 0.120313 0.286443 9.9964E-05 9.9964E-05 0.0113573 9.9964E-05 0.516464 0.0650233
9.993E-05 0.696195 9.993E-05 9.993E-05 9.993E-05 9.993E-05 9.993E-05 0.303106 9.993E-05
9.99371E-05 9.99371E-05 0.00472548 9.99371E-05 9.99371E-05 9.99371E-05 9.99371E-05 9.99371E-05 0.994575
9.99461E-05 0.166103 0.808506 0.0247914 9.99461E-05 9.99461E-05 9.99461E-05 9.99461E-05 9.99461E-05
