0.591034 9.9982E-05 0.259928 0.148838 9.9982E-05
0.915646 9.9973E-05 9.9973E-05 0.084054 9.9973E-05
0.341362 9.9982E-05 0.596251 0.0621868 9.9982E-05
0.493236 9.99821E-05 0.180182 9.99821E-05 0.326382
9.9973E-05 0.928816 0.0708844 9.9973E-05 9.9973E-05
9.9982E-05 9.9982E-05 0.114556 0.0290576 0.856187
9.9991E-05 0.0910591 0.774185 0.0986558 0.0360003
0.914285 9.99731E-05 0.085415 9.99731E-05 9.99731E-05
9.99731E-05 9.99731E-05 9.99731E-05 0.401024 0.598676
9.997E-05 0.9996 9.997E-05 9.997E-05 9.997E-05
9.99731E-05 0.673501 0.3262 9.99731E-05 9.99731E-05
0.85671 9.9973E-05 9.9973E-05 9.9973E-05 0.14299
0.00997145 0.533873 0.223523 0.0769385 0.155694
9.99731E-05 9.99731E-05 0.937841 9.99731E-05 0.0618593
9.99731E-05 0.902635 9.99731E-05 0.0970649 9.99731E-05
9.99821E-05 9.99821E-05 0.0698284 0.907092 0.0228797
0.912475 0.000927289 9.9982E-05 9.9982E-05 0.0863978
9.999E-05 0.437584 0.0509553 0.199835 0.311525
0.0600677 9.9973E-05 9.9973E-05 9.9973E-05 0.939632
9.99731E-05 0.0104541 9.99731E-05 0.989246 9.99731E-05
0.06884 0.0422332 9.9991E-05 0.807068 0.0817588
0.143626 0.0548539 9.9991E-05 0.323116 0.478304
9.9982E-05 0.113099 0.0915254 0.795175 9.9982E-05
0.409019 0.0374035 0.283993 0.1463 0.123285
9.9973E-05 9.9973E-05 0.983604 9.9973E-05 0.0160957
9.9973E-05 0.661232 9.9973E-05 0.338468 9.9973E-05
0.544726 9.9982E-05 0.326604 9.9982E-05 0.128469
9.99821E-05 0.280938 0.0351298 9.99821E-05 0.683732
0.951132 9.99732E-05 9.99732E-05 0.0485677 9.99732E-05
0.27056 9.99731E-05 9.99731E-05 9.99731E-05 0.72914
9.997E-05 9.997E-05 0.9996 9.997E-05 9.997E-05
9.997E-05 9.997E-05 0.9996 9.997E-05 9.997E-05
9.9973E-05 0.646946 0.352754 9.9973E-05 9.9973E-05
9.9973E-05 9.9973E-05 0.122055 9.9973E-05 0.877645
0.782676 0.0385114 0.0745938 9.9991E-05 0.104118
9.9973E-05 9.9973E-05 9.9973E-05 0.93061 0.06909
0.00415175 9.9982E-05 9.9982E-05 0.0904506 0.905198
9.9982E-05 9.9982E-05 0.0934243 0.0349705 0.871405
0.0693634 0.313101 0.524356 9.9991E-05 0.0930791
0.0767031 9.99731E-05 9.99731E-05 9.99731E-05 0.922997
0.21361 9.9973E-05 9.9973E-05 9.9973E-05 0.78609
0.882014 9.9973E-05 9.9973E-05 9.9973E-05 0.117686
9.99731E-05 0.0939704 9.99731E-05 0.90573 9.99731E-05
9.997E-05 9.997E-05 0.9996 9.997E-05 9.997E-05
9.9973E-05 0.783061 9.9973E-05 0.216639 9.9973E-05
0.945376 9.9973E-05 9.9973E-05 0.0543238 9.9973E-05
9.9973E-05 9.9973E-05 9.9973E-05 0.781015 0.218685
9.99731E-05 9.99731E-05 9.99731E-05 0.110666 0.889034
0.0797197 0.632563 9.99821E-05 0.287517 9.99821E-05
9.9982E-05 0.084399 9.9982E-05 0.565668 0.349733
