0.0193734 0.273495 0.707131
0.00278937 0.0147042 0.982506
9.999E-05 0.476384 0.523516
0.0763556 0.12806 0.795584
0.123754 0.876146 9.9991E-05
0.582428 9.9991E-05 0.417472
0.0755242 0.899599 0.0248767
9.999E-05 0.0513211 0.948579
0.954348 9.9991E-05 0.0455519
9.999E-05 0.9998 9.999E-05
9.999E-05 0.9998 9.999E-05
0.0239362 9.9991E-05 0.975964
0.331933 0.667967 9.9991E-05
9.9991E-05 0.800557 0.199343
0.306824 0.693076 9.9991E-05
0.807488 0.192412 9.9991E-05
9.999E-05 9.999E-05 0.9998
0.585124 0.414776 9.9991E-05
0.467446 9.9991E-05 0.532454
0.864213 0.135687 9.9991E-05
0.926681 0.0732195 9.9991E-05
0.762529 9.9991E-05 0.237371
0.736946 0.262954 9.9991E-05
0.148919 0.288035 0.563045
9.9991E-05 0.755919 0.243981
0.401635 0.598265 9.9991E-05
9.9991E-05 0.226342 0.773558
0.503209 0.258326 0.238465
0.0430895 0.00474352 0.952167
0.371075 9.9991E-05 0.628825
9.9991E-05 0.934029 0.0658713
9.9991E-05 0.960909 0.0389911
9.999E-05 0.9998 9.999E-05
0.59899 9.9991E-05 0.40091
9.9991E-05 0.0535149 0.946385
0.911389 0.0885112 9.9991E-05
0.721676 9.9991E-05 0.278224
0.623605 9.9991E-05 0.376295
0.0676884 0.818566 0.113746
0.532181 9.9991E-05 0.467719
0.310701 9.9991E-05 0.689199
9.999E-05 9.999E-05 0.9998
0.825721 0.174179 9.9991E-05
9.9991E-05 0.78444 0.21546
0.36212 0.63778 9.9991E-05
9.999E-05 9.999E-05 0.9998
0.9998 9.999E-05 9.999E-05
0.869375 9.9991E-05 0.130525
0.48419 0.51571 9.9991E-05
0.843613 0.144473 0.0119137
