9.9991E-05 0.7245 0.17123 0.10417
9.9982E-05 0.995068 9.9982E-05 0.00473183
9.9982E-05 0.512796 0.487005 9.9982E-05
0.265054 0.576659 0.158187 9.9991E-05
9.9982E-05 9.9982E-05 0.54014 0.459661
0.945251 9.9982E-05 0.0545492 9.9982E-05
0.0816778 9.9991E-05 0.864164 0.0540578
9.99821E-05 0.986932 0.0128684 9.99821E-05
0.75992 9.99821E-05 9.99821E-05 0.23988
9.9982E-05 9.9982E-05 0.711214 0.288586
9.99821E-05 9.99821E-05 0.948963 0.0508371
0.119277 0.880523 9.9982E-05 9.9982E-05
0.0394387 0.0279927 0.478896 0.453672
0.0943448 0.0325524 0.873003 9.9991E-05
9.9982E-05 9.9982E-05 0.361147 0.638653
0.199219 0.00216467 0.0666935 0.731923
0.127406 0.872394 9.9982E-05 9.9982E-05
0.245055 9.9991E-05 0.269881 0.484964
0.98086 0.0189404 9.9982E-05 9.9982E-05
0.146343 9.9982E-05 9.9982E-05 0.853457
0.193001 0.0207101 9.9991E-05 0.786189
0.468934 0.152778 9.9991E-05 0.378189
0.0684247 9.9991E-05 0.0327526 0.898723
0.169978 0.469925 0.238277 0.12182
0.115563 0.0520957 0.832242 9.9991E-05
9.9982E-05 9.9982E-05 0.187709 0.812091
0.124795 0.633673 0.241432 9.9991E-05
0.606668 9.9991E-05 0.209609 0.183623
9.998E-05 0.9997 9.998E-05 9.998E-05
0.663095 0.336705 9.99821E-05 9.99821E-05
9.998E-05 9.998E-05 0.9997 9.998E-05
9.998E-05 9.998E-05 0.9997 9.998E-05
9.9982E-05 9.9982E-05 0.888949 0.110851
0.956682 9.9982E-05 0.0431181 9.9982E-05
0.127375 0.807955 0.0645702 9.9991E-05
0.273506 9.9982E-05 9.9982E-05 0.726294
0.915973 9.9982E-05 9.9982E-05 0.083827
0.866009 0.0622343 0.0437658 0.0279913
0.0830845 0.125614 0.773174 0.018127
0.864718 0.097761 0.0374206 9.9991E-05
0.720683 0.279117 9.9982E-05 9.9982E-05
0.191154 0.808646 9.9982E-05 9.9982E-05
0.0223796 9.9982E-05 9.9982E-05 0.97742
9.9982E-05 0.0876941 0.912106 9.9982E-05
9.9982E-05 9.9982E-05 0.191801 0.807999
9.9982E-05 0.954839 9.9982E-05 0.0449609
0.447679 9.9982E-05 9.9982E-05 0.552121
0.858736 9.99821E-05 9.99821E-05 0.141064
9.9991E-05 0.104502 0.0968495 0.798549
0.406225 9.99821E-05 9.99821E-05 0.593575
