0.165222 9.9991E-05 0.766087 0.0685907
9.9982E-05 9.9982E-05 0.918652 0.0811478
0.448615 9.9991E-05 0.533609 0.0176761
0.169159 0.302021 0.52872 9.9991E-05
0.560261 9.9982E-05 9.9982E-05 0.439539
0.0809623 0.918838 9.9982E-05 9.9982E-05
0.857485 0.101658 9.9991E-05 0.0407571
0.0448199 0.00732087 0.889681 0.0581781
9.9982E-05 0.722552 9.9982E-05 0.277248
0.762976 9.9982E-05 9.9982E-05 0.236824
0.96508 9.99821E-05 9.99821E-05 0.0347204
9.998E-05 9.998E-05 0.9997 9.998E-05
0.509925 9.9991E-05 0.00760604 0.482369
0.88128 0.0487066 0.0699136 9.9991E-05
0.367157 9.9982E-05 9.9982E-05 0.632643
9.99821E-05 9.99821E-05 0.0826702 0.91713
0.0305853 0.00498703 0.964328 9.9991E-05
0.25619 0.258927 9.9991E-05 0.484783
9.9982E-05 0.980988 0.0188123 9.9982E-05
9.9982E-05 0.0659702 9.9982E-05 0.93383
9.9991E-05 0.208732 0.0406258 0.750542
9.9991E-05 0.434999 0.151495 0.413406
0.0681968 0.0525894 0.00606246 0.873151
0.315272 0.273269 0.315376 0.0960831
0.825064 0.0973449 0.0774913 9.9991E-05
0.189671 9.9982E-05 9.9982E-05 0.810129
0.279157 0.153148 0.567594 9.9991E-05
0.256368 0.607093 9.9991E-05 0.136439
9.998E-05 9.998E-05 0.9997 9.998E-05
9.99821E-05 0.569068 0.430732 9.99821E-05
0.990579 9.9982E-05 0.00922118 9.9982E-05
0.9997 9.998E-05 9.998E-05 9.998E-05
0.881414 9.9982E-05 9.9982E-05 0.118386
0.0359079 0.963892 9.9982E-05 9.9982E-05
0.0301571 0.15387 0.815873 9.9991E-05
9.9982E-05 0.227662 9.9982E-05 0.772138
9.9982E-05 0.765416 9.9982E-05 0.234384
0.0181771 0.97041 9.9991E-05 0.0113125
0.627804 0.0786093 0.136414 0.157173
0.0011973 0.969637 0.0290662 9.9991E-05
9.9982E-05 0.691026 0.308774 9.9982E-05
9.9982E-05 0.0486644 0.951136 9.9982E-05
9.998E-05 9.998E-05 9.998E-05 0.9997
0.890063 9.9982E-05 0.109737 9.9982E-05
0.32264 9.9982E-05 9.9982E-05 0.67716
9.9982E-05 9.9982E-05 0.98043 0.0193705
9.9982E-05 0.365811 9.9982E-05 0.633989
9.9982E-05 0.730579 9.9982E-05 0.269221
0.0693153 9.9991E-05 0.134529 0.796056
9.99821E-05 0.359336 9.99821E-05 0.640464
