9.9991E-05 0.0695833 0.188973 0.741343
9.9982E-05 0.0584082 9.9982E-05 0.941392
9.9982E-05 9.9982E-05 0.405685 0.594115
0.274472 9.9991E-05 0.170827 0.554601
9.9982E-05 0.287247 0.712553 9.9982E-05
0.928974 9.9982E-05 0.0708264 9.9982E-05
0.0819144 0.0360892 0.881896 9.9991E-05
9.99821E-05 9.99821E-05 0.00361098 0.996189
0.608632 0.391168 9.99821E-05 9.99821E-05
9.9982E-05 0.1632 0.8366 9.9982E-05
9.998E-05 9.998E-05 0.9997 9.998E-05
0.0508507 9.9982E-05 9.9982E-05 0.948949
0.0123852 0.44914 0.538375 9.9991E-05
9.9982E-05 9.9982E-05 0.813887 0.185913
9.9982E-05 0.44362 0.556181 9.9982E-05
9.9982E-05 0.865768 0.134032 9.9982E-05
0.121464 9.9982E-05 9.9982E-05 0.878336
0.237839 0.421474 0.340587 9.9991E-05
0.999379 9.9982E-05 9.9982E-05 0.000420878
0.0227928 0.977007 9.99821E-05 9.99821E-05
0.113738 0.84477 9.9991E-05 0.0413922
0.39841 0.469237 9.9991E-05 0.132253
0.0112799 0.900261 0.0883591 9.9991E-05
0.107366 0.175205 0.189454 0.527975
0.0952977 9.9991E-05 0.799994 0.104609
9.9982E-05 0.65387 0.34593 9.9982E-05
0.069443 9.9991E-05 0.190021 0.740436
0.587027 0.141277 0.239401 0.0322942
9.99821E-05 0.128503 9.99821E-05 0.871297
0.624271 9.99821E-05 9.99821E-05 0.375529
9.9982E-05 9.9982E-05 0.970433 0.0293674
9.998E-05 9.998E-05 0.9997 9.998E-05
9.9982E-05 0.0597916 0.940008 9.9982E-05
0.913405 0.00213841 0.0843569 9.9991E-05
0.120295 9.9991E-05 0.0298221 0.849783
0.169996 0.829804 9.9982E-05 9.9982E-05
0.874603 0.125197 9.9982E-05 9.9982E-05
0.917478 0.0298155 0.0526061 9.9991E-05
0.124025 0.0319088 0.795472 0.0485938
0.925453 0.00366719 9.9991E-05 0.0707793
0.77764 9.9982E-05 9.9982E-05 0.22216
0.207292 9.9982E-05 9.9982E-05 0.792508
9.998E-05 0.9997 9.998E-05 9.998E-05
0.000720631 9.9991E-05 0.871663 0.127516
9.99821E-05 0.600276 0.399524 9.99821E-05
9.9982E-05 0.0542933 9.9982E-05 0.945507
0.235865 0.763935 9.9982E-05 9.9982E-05
0.831319 0.168481 9.99821E-05 9.99821E-05
9.9991E-05 0.673619 0.262258 0.0640228
0.289881 0.695995 0.0140246 9.9991E-05
