9.9982E-05 0.168729 0.732662 9.9982E-05 0.0984097
9.9973E-05 9.9973E-05 0.923951 9.9973E-05 0.0757489
9.998E-05 0.600457 0.3681 9.998E-05 0.0312436
0.175887 0.0457912 0.703292 0.0749297 9.9991E-05
9.9973E-05 0.0998569 9.9973E-05 0.899843 9.9973E-05
0.809836 0.155152 0.0348118 9.9982E-05 9.9982E-05
0.0158932 0.750888 9.9991E-05 0.124986 0.108133
9.9982E-05 0.102453 0.894215 9.9982E-05 0.00313201
0.557241 9.99731E-05 9.99731E-05 9.99731E-05 0.442459
9.9973E-05 0.121795 9.9973E-05 0.877905 9.9973E-05
9.997E-05 0.665759 9.997E-05 0.333941 9.997E-05
0.156037 9.9973E-05 0.843663 9.9973E-05 9.9973E-05
0.169713 0.0604973 9.999E-05 0.731887 0.0378026
0.0912906 0.88985 0.018659 9.99821E-05 9.99821E-05
0.00673439 9.99731E-05 9.99731E-05 0.992966 9.99731E-05
9.99731E-05 0.105936 9.99731E-05 9.99731E-05 0.893764
0.109045 9.99731E-05 0.890655 9.99731E-05 9.99731E-05
0.260284 0.154959 9.999E-05 0.274665 0.309993
0.900077 9.9973E-05 0.0996229 9.9973E-05 9.9973E-05
9.997E-05 9.997E-05 9.997E-05 9.997E-05 0.9996
0.014493 9.99821E-05 0.06742 9.99821E-05 0.917887
0.442684 9.9991E-05 0.116865 0.0626129 0.377739
9.99731E-05 9.99731E-05 9.99731E-05 0.192069 0.807631
0.0994265 0.234165 0.491384 9.9991E-05 0.174925
0.0663141 0.933386 9.997E-05 9.997E-05 9.997E-05
9.9973E-05 9.9973E-05 9.9973E-05 0.833099 0.166601
0.0806425 0.302619 0.616539 9.998E-05 9.998E-05
0.599778 0.0772993 9.99821E-05 0.322723 9.99821E-05
9.99732E-05 9.99732E-05 0.992383 9.99732E-05 0.00731719
0.654055 9.99731E-05 0.345645 9.99731E-05 9.99731E-05
9.997E-05 0.9996 9.997E-05 9.997E-05 9.997E-05
9.997E-05 0.9996 9.997E-05 9.997E-05 9.997E-05
9.9973E-05 0.486833 9.9973E-05 0.512867 9.9973E-05
0.877444 0.077799 9.998E-05 9.998E-05 0.0445567
0.140408 0.0629425 0.79645 9.9982E-05 9.9982E-05
9.997E-05 0.0151175 9.997E-05 9.997E-05 0.984583
0.845275 9.997E-05 9.997E-05 9.997E-05 0.154425
0.909862 0.0680413 9.998E-05 9.998E-05 0.0218966
0.152312 0.74057 9.9991E-05 0.0826863 0.0243312
0.919172 9.99821E-05 0.0722957 0.00833205 9.99821E-05
0.843575 9.997E-05 0.156125 9.997E-05 9.997E-05
0.144854 9.99731E-05 0.854846 9.99731E-05 9.99731E-05
9.99731E-05 9.99731E-05 9.99731E-05 0.11461 0.88509
9.997E-05 0.9996 9.997E-05 9.997E-05 9.997E-05
9.997E-05 9.997E-05 9.997E-05 0.876139 0.123561
9.99731E-05 9.99731E-05 0.982072 9.99731E-05 0.0176283
0.1964 9.9973E-05 9.9973E-05 9.9973E-05 0.8033
0.863437 9.99731E-05 9.99731E-05 9.99731E-05 0.136263
9.99821E-05 9.99821E-05 0.114618 0.57179 0.313392
0.26704 0.0115223 9.99821E-05 9.99821E-05 0.721238
