0.0615384 0.0176156 9.9973E-05 0.241395 0.679152 9.9973E-05 9.9973E-05
0.0149121 9.99641E-05 9.99641E-05 9.99641E-05 0.835911 9.99641E-05 0.148777
0.0553913 9.9964E-05 9.9964E-05 0.560666 0.383543 9.9964E-05 9.9964E-05
9.995E-05 9.995E-05 9.995E-05 9.995E-05 9.995E-05 9.995E-05 0.9994
9.997E-05 0.885785 9.997E-05 0.0473371 9.997E-05 0.0469393 0.019639
9.99551E-05 9.99551E-05 0.929322 0.0701785 9.99551E-05 9.99551E-05 9.99551E-05
0.0257657 9.9973E-05 9.9973E-05 0.147831 9.9973E-05 0.646356 0.179748
9.99641E-05 9.99641E-05 9.99641E-05 0.0518445 0.946134 9.99641E-05 0.00162203
0.474729 9.995E-05 0.524771 9.995E-05 9.995E-05 9.995E-05 9.995E-05
9.9955E-05 0.268208 9.9955E-05 9.9955E-05 9.9955E-05 0.731292 9.9955E-05
9.995E-05 9.995E-05 9.995E-05 9.995E-05 9.995E-05 0.9994 9.995E-05
9.99551E-05 9.99551E-05 0.092662 9.99551E-05 0.906838 9.99551E-05 9.99551E-05
0.0696081 0.672131 0.0753865 0.173414 0.00350917 0.00585057 9.9991E-05
9.99731E-05 0.11211 9.99731E-05 0.667396 9.99731E-05 0.0114259 0.208768
9.995E-05 0.9994 9.995E-05 9.995E-05 9.995E-05 9.995E-05 9.995E-05
0.829605 9.99641E-05 9.99641E-05 0.0362338 9.99641E-05 0.133762 9.99641E-05
9.99641E-05 9.99641E-05 0.0548775 9.99641E-05 0.693858 9.99641E-05 0.250865
0.311499 9.99639E-05 0.216253 9.99639E-05 9.99639E-05 0.471848 9.99639E-05
9.995E-05 9.995E-05 0.9994 9.995E-05 9.995E-05 9.995E-05 9.995E-05
0.936328 9.99552E-05 9.99552E-05 9.99552E-05 9.99552E-05 9.99552E-05 0.0631719
0.843173 0.0677834 0.0327985 9.9982E-05 0.0497174 9.9982E-05 0.00632746
0.401745 9.99731E-05 0.413536 9.99731E-05 0.150648 0.0337714 9.99731E-05
0.837553 0.0111526 9.99731E-05 0.0786726 9.99731E-05 0.0723221 9.99731E-05
0.117897 0.0700682 9.9964E-05 9.9964E-05 9.9964E-05 9.9964E-05 0.811635
9.99551E-05 9.99551E-05 0.0977207 0.90178 9.99551E-05 9.99551E-05 9.99551E-05
0.22149 0.761885 9.9964E-05 0.0162257 9.9964E-05 9.9964E-05 9.9964E-05
9.99551E-05 9.99551E-05 9.99551E-05 0.0476824 9.99551E-05 9.99551E-05 0.951818
9.99731E-05 0.278216 0.529627 0.146503 9.99731E-05 9.99731E-05 0.0453546
9.995E-05 9.995E-05 9.995E-05 9.995E-05 0.9994 9.995E-05 9.995E-05
9.99641E-05 9.99641E-05 0.59709 9.99641E-05 0.193397 9.99641E-05 0.209113
9.9955E-05 9.9955E-05 9.9955E-05 0.7162 9.9955E-05 0.2833 9.9955E-05
9.995E-05 9.995E-05 9.995E-05 0.9994 9.995E-05 9.995E-05 9.995E-05
9.9964E-05 0.213296 9.9964E-05 0.0807718 9.9964E-05 0.705532 9.9964E-05
9.99731E-05 9.99731E-05 0.894639 0.0957346 9.99731E-05 0.00838916 0.000937068
9.9964E-05 9.9964E-05 0.0570429 9.9964E-05 0.204261 9.9964E-05 0.738297
0.956772 9.9964E-05 0.0172257 9.9964E-05 0.0256023 9.9964E-05 9.9964E-05
0.181559 9.99551E-05 0.817941 9.99551E-05 9.99551E-05 9.99551E-05 9.99551E-05
9.99551E-05 9.99551E-05 0.937793 9.99551E-05 9.99551E-05 0.0617075 9.99551E-05
9.99641E-05 9.99641E-05 0.0533948 9.99641E-05 0.101838 0.844367 9.99641E-05
9.99641E-05 0.032322 0.82743 9.99641E-05 9.99641E-05 9.99641E-05 0.139849
9.9955E-05 9.9955E-05 0.787887 9.9955E-05 0.211613 9.9955E-05 9.9955E-05
9.99641E-05 9.99641E-05 0.159515 0.0237544 0.816331 9.99641E-05 9.99641E-05
0.869106 0.130395 9.99552E-05 9.99552E-05 9.99552E-05 9.99552E-05 9.99552E-05
9.995E-05 9.995E-05 9.995E-05 0.9994 9.995E-05 9.995E-05 9.995E-05
0.0737043 0.925796 9.99551E-05 9.99551E-05 9.99551E-05 9.99551E-05 9.99551E-05
9.99641E-05 9.99641E-05 9.99641E-05 9.99641E-05 0.947392 0.0204094 0.0317992
0.847263 9.99551E-05 0.152237 9.99551E-05 9.99551E-05 9.99551E-05 9.99551E-05
0.191144 9.99551E-05 0.808356 9.99551E-05 9.99551E-05 9.99551E-05 9.99551E-05
0.216651 0.687133 9.99641E-05 9.99641E-05 9.99641E-05 9.99641E-05 0.0958156
0.668928 9.99641E-05 0.265105 9.99641E-05 9.99641E-05 0.0655672 9.99641E-05
