9.99281E-05 9.99281E-05 9.99281E-05 9.99281E-05 9.99281E-05 9.99281E-05 0.81531 9.99281E-05 9.99281E-05 0.18389
0.143821 0.00225951 9.9946E-05 9.9946E-05 0.202266 9.9946E-05 0.651053 9.9946E-05 9.9946E-05 9.9946E-05
0.247683 9.9946E-05 9.9946E-05 0.0853469 9.9946E-05 9.9946E-05 0.0336051 9.9946E-05 9.9946E-05 0.632766
9.99371E-05 0.0683945 9.99371E-05 9.99371E-05 0.930278 9.99371E-05 9.99371E-05 0.000628243 9.99371E-05 9.99371E-05
9.99371E-05 9.99371E-05 0.955614 9.99371E-05 0.0116085 9.99371E-05 9.99371E-05 9.99371E-05 9.99371E-05 0.0320783
9.99371E-05 0.870921 9.99371E-05 9.99371E-05 9.99371E-05 9.99371E-05 0.0810864 9.99371E-05 9.99371E-05 0.047293
9.99459E-05 9.99459E-05 9.99459E-05 9.99459E-05 0.119703 0.135809 9.99459E-05 9.99459E-05 0.680373 0.0635153
0.952672 9.99283E-05 9.99283E-05 0.0465288 9.99283E-05 9.99283E-05 9.99283E-05 9.99283E-05 9.99283E-05 9.99283E-05
9.99372E-05 0.44782 9.99372E-05 0.0276865 9.99372E-05 0.523794 9.99372E-05 9.99372E-05 9.99372E-05 9.99372E-05
9.99281E-05 9.99281E-05 0.479369 9.99281E-05 9.99281E-05 9.99281E-05 9.99281E-05 9.99281E-05 0.519832 9.99281E-05
9.99201E-05 9.99201E-05 9.99201E-05 9.99201E-05 9.99201E-05 9.99201E-05 9.99201E-05 9.99201E-05 0.999101 9.99201E-05
0.960611 0.0206831 9.99461E-05 9.99461E-05 9.99461E-05 0.000943964 0.0171625 9.99461E-05 9.99461E-05 9.99461E-05
9.99551E-05 9.99551E-05 0.326613 9.99551E-05 9.99551E-05 0.362959 9.99551E-05 0.103517 0.107753 0.0986582
9.994E-05 9.994E-05 9.994E-05 9.994E-05 0.144991 9.994E-05 9.994E-05 0.348176 0.235081 0.271152
9.99201E-05 9.99201E-05 0.999101 9.99201E-05 9.99201E-05 9.99201E-05 9.99201E-05 9.99201E-05 9.99201E-05 9.99201E-05
9.99201E-05 9.99201E-05 9.99201E-05 9.99201E-05 9.99201E-05 0.999101 9.99201E-05 9.99201E-05 9.99201E-05 9.99201E-05
0.865386 9.99282E-05 9.99282E-05 9.99282E-05 0.133814 9.99282E-05 9.99282E-05 9.99282E-05 9.99282E-05 9.99282E-05
9.99459E-05 0.13134 0.0196248 9.99459E-05 9.99459E-05 0.538921 9.99459E-05 9.99459E-05 0.309515 9.99459E-05
0.0132545 0.984182 9.99371E-05 9.99371E-05 9.99371E-05 9.99371E-05 0.0018644 9.99371E-05 9.99371E-05 9.99371E-05
9.99201E-05 9.99201E-05 9.99201E-05 0.999101 9.99201E-05 9.99201E-05 9.99201E-05 9.99201E-05 9.99201E-05 9.99201E-05
9.99371E-05 9.99371E-05 9.99371E-05 0.72748 9.99371E-05 0.0669924 9.99371E-05 0.204828 9.99371E-05 9.99371E-05
0.161623 0.163143 9.99461E-05 9.99461E-05 9.99461E-05 0.592383 9.99461E-05 0.0822513 9.99461E-05 9.99461E-05
9.99281E-05 9.99281E-05 0.135235 9.99281E-05 9.99281E-05 0.863965 9.99281E-05 9.99281E-05 9.99281E-05 9.99281E-05
9.99371E-05 9.99371E-05 9.99371E-05 0.196713 0.797194 9.99371E-05 0.00539294 9.99371E-05 9.99371E-05 9.99371E-05
9.99281E-05 0.066015 9.99281E-05 9.99281E-05 9.99281E-05 9.99281E-05 9.99281E-05 9.99281E-05 9.99281E-05 0.933186
9.99281E-05 9.99281E-05 0.845869 9.99281E-05 9.99281E-05 0.153332 9.99281E-05 9.99281E-05 9.99281E-05 9.99281E-05
9.99282E-05 9.99282E-05 9.99282E-05 9.99282E-05 0.995195 9.99282E-05 9.99282E-05 9.99282E-05 9.99282E-05 0.00400591
9.99201E-05 9.99201E-05 9.99201E-05 9.99201E-05 9.99201E-05 9.99201E-05 9.99201E-05 0.999101 9.99201E-05 9.99201E-05
9.99201E-05 9.99201E-05 9.99201E-05 9.99201E-05 9.99201E-05 9.99201E-05 0.999101 9.99201E-05 9.99201E-05 9.99201E-05
0.158913 0.412192 9.99461E-05 9.99461E-05 9.99461E-05 9.99461E-05 0.0770511 0.351244 9.99461E-05 9.99461E-05
9.99281E-05 9.99281E-05 9.99281E-05 9.99281E-05 9.99281E-05 9.99281E-05 9.99281E-05 9.99281E-05 0.372224 0.626977
9.99201E-05 9.99201E-05 0.0343167 9.99201E-05 9.99201E-05 9.99201E-05 9.99201E-05 9.99201E-05 9.99201E-05 0.964884
9.9946E-05 9.9946E-05 0.134684 9.9946E-05 9.9946E-05 9.9946E-05 9.9946E-05 0.0650103 0.799356 0.000350055
9.99461E-05 0.89957 9.99461E-05 9.99461E-05 9.99461E-05 0.0250645 9.99461E-05 9.99461E-05 0.00210056 0.0726654
0.405719 9.99461E-05 9.99461E-05 9.99461E-05 0.520198 9.99461E-05 9.99461E-05 0.0433849 9.99461E-05 0.0300988
9.99281E-05 9.99281E-05 9.99281E-05 0.773629 9.99281E-05 0.225571 9.99281E-05 9.99281E-05 9.99281E-05 9.99281E-05
9.9955E-05 0.655525 9.9955E-05 0.203964 9.9955E-05 0.002077 0.0161173 0.121816 9.9955E-05 9.9955E-05
9.9955E-05 0.783643 9.9955E-05 9.9955E-05 9.9955E-05 0.0829016 0.0547193 0.0460801 0.0321566 9.9955E-05
0.0666384 0.0828293 9.99372E-05 9.99372E-05 9.99372E-05 9.99372E-05 9.99372E-05 9.99372E-05 0.849833 9.99372E-05
0.0695993 0.738772 0.0877666 9.99462E-05 0.103262 9.99462E-05 9.99462E-05 9.99462E-05 9.99462E-05 9.99462E-05
0.23016 0.749283 9.9937E-05 9.9937E-05 9.9937E-05 9.9937E-05 9.9937E-05 0.0198568 9.9937E-05 9.9937E-05
0.904821 0.0522522 9.99371E-05 9.99371E-05 9.99371E-05 9.99371E-05 9.99371E-05 0.0422273 9.99371E-05 9.99371E-05
9.99282E-05 9.99282E-05 0.147291 0.851909 9.99282E-05 9.99282E-05 9.99282E-05 9.99282E-05 9.99282E-05 9.99282E-05
9.99281E-05 9.99281E-05 9.99281E-05 9.99281E-05 9.99281E-05 0.0217783 9.99281E-05 9.99281E-05 9.99281E-05 0.977422
9.99371E-05 9.99371E-05 0.739429 0.157932 9.99371E-05 9.99371E-05 9.99371E-05 0.101939 9.99371E-05 9.99371E-05
0.984727 9.99282E-05 9.99282E-05 9.99282E-05 9.99282E-05 9.99282E-05 9.99282E-05 9.99282E-05 0.0144736 9.99282E-05
9.9946E-05 0.142689 9.9946E-05 0.702564 9.9946E-05 0.152012 9.9946E-05 0.00213541 9.9946E-05 9.9946E-05
9.99282E-05 0.727536 9.99282E-05 9.99282E-05 9.99282E-05 0.271665 9.99282E-05 9.99282E-05 9.99282E-05 9.99282E-05
9.99551E-05 9.99551E-05 0.499444 0.384476 0.00534165 9.99551E-05 0.0938326 9.99551E-05 9.99551E-05 0.0164057
0.0522363 0.113542 9.99371E-05 0.833522 9.99371E-05 9.99371E-05 9.99371E-05 9.99371E-05 9.99371E-05 9.99371E-05
