0.0596154 9.99731E-05 9.99731E-05 0.628365 0.235239 0.0764805 9.99731E-05
0.0551203 9.9955E-05 9.9955E-05 0.94438 9.9955E-05 9.9955E-05 9.9955E-05
0.0715575 9.9973E-05 0.00975983 0.341173 0.57721 9.9973E-05 9.9973E-05
9.99731E-05 9.99731E-05 9.99731E-05 0.527433 0.16669 0.0303487 0.275229
9.9955E-05 9.9955E-05 9.9955E-05 9.9955E-05 0.111847 0.887653 9.9955E-05
9.99641E-05 9.99641E-05 0.0282507 9.99641E-05 0.088963 9.99641E-05 0.882387
9.9964E-05 0.174159 0.47618 9.9964E-05 0.349261 9.9964E-05 9.9964E-05
9.99552E-05 9.99552E-05 9.99552E-05 0.964836 0.0346638 9.99552E-05 9.99552E-05
0.0146904 0.469976 9.99641E-05 9.99641E-05 9.99641E-05 9.99641E-05 0.514934
9.9955E-05 9.9955E-05 0.480542 9.9955E-05 9.9955E-05 0.518958 9.9955E-05
9.995E-05 9.995E-05 0.9994 9.995E-05 9.995E-05 9.995E-05 9.995E-05
9.9955E-05 9.9955E-05 9.9955E-05 0.896481 9.9955E-05 9.9955E-05 0.103019
9.9973E-05 0.291339 9.9973E-05 0.0546357 0.181723 0.472003 9.9973E-05
9.99731E-05 9.99731E-05 9.99731E-05 0.0267091 0.794342 0.169381 0.00926801
9.99551E-05 9.99551E-05 9.99551E-05 9.99551E-05 9.99551E-05 0.995695 0.00380473
9.995E-05 0.9994 9.995E-05 9.995E-05 9.995E-05 9.995E-05 9.995E-05
9.99551E-05 9.99551E-05 9.99551E-05 0.866953 9.99551E-05 9.99551E-05 0.132547
9.9973E-05 0.627249 0.233424 9.9973E-05 9.9973E-05 0.00662479 0.132402
9.99551E-05 9.99551E-05 9.99551E-05 0.00898462 9.99551E-05 9.99551E-05 0.990516
0.9994 9.995E-05 9.995E-05 9.995E-05 9.995E-05 9.995E-05 9.995E-05
0.997403 9.99551E-05 9.99551E-05 9.99551E-05 0.0020973 9.99551E-05 9.99551E-05
9.99641E-05 0.488581 9.99641E-05 0.145602 9.99641E-05 9.99641E-05 0.365417
9.9955E-05 0.940542 9.9955E-05 9.9955E-05 9.9955E-05 0.0589583 9.9955E-05
0.247761 9.9982E-05 0.0506401 0.349577 0.189135 9.9982E-05 0.162686
0.0350523 9.9964E-05 9.9964E-05 9.9964E-05 0.963849 9.9964E-05 0.000698483
9.99551E-05 0.260257 9.99551E-05 9.99551E-05 9.99551E-05 0.739243 9.99551E-05
9.99641E-05 9.99641E-05 9.99641E-05 0.516061 0.360411 9.99641E-05 0.123128
0.0369835 9.99821E-05 0.0111605 9.99821E-05 0.144293 0.245047 0.562316
9.99553E-05 0.0480295 9.99553E-05 0.951471 9.99553E-05 9.99553E-05 9.99553E-05
9.99642E-05 9.99642E-05 0.0223581 0.258346 9.99642E-05 9.99642E-05 0.718896
9.9955E-05 9.9955E-05 0.417388 9.9955E-05 0.582112 9.9955E-05 9.9955E-05
9.995E-05 9.995E-05 9.995E-05 9.995E-05 0.9994 9.995E-05 9.995E-05
9.99639E-05 9.99639E-05 0.559157 9.99639E-05 0.153099 0.287344 9.99639E-05
9.996E-05 0.105894 9.996E-05 9.996E-05 0.0800317 9.996E-05 0.813674
9.9964E-05 9.9964E-05 9.9964E-05 0.745965 0.130039 9.9964E-05 0.123596
0.272755 0.663661 9.9973E-05 9.9973E-05 0.00813935 9.9973E-05 0.0551445
0.14366 0.0965799 9.9964E-05 9.9964E-05 9.9964E-05 9.9964E-05 0.75936
9.9964E-05 0.0569773 0.0540796 9.9964E-05 9.9964E-05 9.9964E-05 0.888543
9.99641E-05 9.99641E-05 0.874538 0.0519135 9.99641E-05 9.99641E-05 0.0731484
0.0575072 9.99821E-05 0.0318628 0.00662964 9.99821E-05 0.0428357 0.860965
9.99551E-05 9.99551E-05 9.99551E-05 0.120979 9.99551E-05 9.99551E-05 0.878521
9.9955E-05 9.9955E-05 9.9955E-05 0.815236 9.9955E-05 9.9955E-05 0.184264
0.797989 9.99551E-05 9.99551E-05 9.99551E-05 9.99551E-05 0.201511 9.99551E-05
9.99551E-05 0.0306814 9.99551E-05 9.99551E-05 0.968819 9.99551E-05 9.99551E-05
0.110671 9.99551E-05 9.99551E-05 9.99551E-05 9.99551E-05 0.888829 9.99551E-05
9.99551E-05 0.0495498 9.99551E-05 0.94995 9.99551E-05 9.99551E-05 9.99551E-05
0.696392 0.171333 9.9964E-05 9.9964E-05 9.9964E-05 9.9964E-05 0.131876
9.99551E-05 0.216011 9.99551E-05 9.99551E-05 9.99551E-05 9.99551E-05 0.78349
0.378328 9.99641E-05 9.99641E-05 0.106605 9.99641E-05 0.514667 9.99641E-05
0.89577 9.996E-05 0.0131981 9.996E-05 9.996E-05 9.996E-05 0.0906317
