0.580913 0.134715 0.283972 9.99641E-05 9.99641E-05 9.99641E-05 9.99641E-05
0.918072 0.0814285 9.9955E-05 9.9955E-05 9.9955E-05 9.9955E-05 9.9955E-05
0.333103 0.0942807 0.572217 9.9964E-05 9.9964E-05 9.9964E-05 9.9964E-05
0.457203 9.99641E-05 0.174036 9.99641E-05 9.99641E-05 9.99641E-05 0.368361
9.9955E-05 9.9955E-05 0.144694 0.854806 9.9955E-05 9.9955E-05 9.9955E-05
9.99551E-05 9.99551E-05 0.088067 9.99551E-05 9.99551E-05 9.99551E-05 0.911433
0.00514423 0.0160633 0.149874 9.9982E-05 0.763329 9.9982E-05 0.0653897
0.850428 9.99641E-05 0.0916733 9.99641E-05 9.99641E-05 0.0574993 9.99641E-05
9.99551E-05 0.4395 9.99551E-05 9.99551E-05 9.99551E-05 9.99551E-05 0.560001
9.995E-05 9.995E-05 9.995E-05 0.343462 0.656038 9.995E-05 9.995E-05
9.995E-05 9.995E-05 9.995E-05 9.995E-05 0.9994 9.995E-05 9.995E-05
0.885296 9.9964E-05 9.9964E-05 0.0146161 9.9964E-05 9.9964E-05 0.0996876
0.0387177 0.0408636 0.195895 0.511155 0.129492 0.0741591 0.00971703
9.996E-05 9.996E-05 0.710381 9.996E-05 0.162857 0.126362 9.996E-05
9.995E-05 9.995E-05 9.995E-05 0.9994 9.995E-05 9.995E-05 9.995E-05
9.996E-05 0.756562 0.0610898 9.996E-05 9.996E-05 0.181949 9.996E-05
0.743924 9.9964E-05 0.00662393 9.9964E-05 9.9964E-05 0.249052 9.9964E-05
9.9982E-05 0.341489 9.9982E-05 0.000116784 0.406119 0.22955 0.0225255
0.0612407 9.9955E-05 9.9955E-05 9.9955E-05 9.9955E-05 9.9955E-05 0.938259
9.99552E-05 0.91906 9.99552E-05 0.0804401 9.99552E-05 9.99552E-05 9.99552E-05
9.99641E-05 0.788147 9.99641E-05 0.0431695 9.99641E-05 0.168283 9.99641E-05
9.9964E-05 0.316679 9.9964E-05 0.0250486 9.9964E-05 0.657872 9.9964E-05
9.9973E-05 0.792256 0.0889988 0.0912418 0.0272032 9.9973E-05 9.9973E-05
0.361885 0.0789592 0.202905 9.9982E-05 0.0950911 9.9982E-05 0.26096
9.99641E-05 9.99641E-05 0.975218 9.99641E-05 9.99641E-05 0.0151507 0.0092314
9.9964E-05 0.315893 0.0278381 0.655869 9.9964E-05 9.9964E-05 9.9964E-05
0.458286 9.99641E-05 0.405748 9.99641E-05 9.99641E-05 9.99641E-05 0.135566
9.9955E-05 9.9955E-05 9.9955E-05 9.9955E-05 0.0863808 0.913119 9.9955E-05
0.964004 9.99552E-05 9.99552E-05 0.0354957 9.99552E-05 9.99552E-05 9.99552E-05
9.995E-05 9.995E-05 9.995E-05 9.995E-05 9.995E-05 0.9994 9.995E-05
9.99551E-05 9.99551E-05 0.460862 9.99551E-05 0.538638 9.99551E-05 9.99551E-05
9.995E-05 9.995E-05 0.9994 9.995E-05 9.995E-05 9.995E-05 9.995E-05
9.9955E-05 9.9955E-05 9.9955E-05 0.103905 0.895596 9.9955E-05 9.9955E-05
9.99551E-05 9.99551E-05 0.129412 9.99551E-05 9.99551E-05 9.99551E-05 0.870088
0.571523 9.9964E-05 0.150684 9.9964E-05 9.9964E-05 0.277393 9.9964E-05
9.9955E-05 0.913982 9.9955E-05 9.9955E-05 9.9955E-05 9.9955E-05 0.0855179
9.9964E-05 0.0965103 9.9964E-05 9.9964E-05 9.9964E-05 0.445973 0.457117
9.997E-05 0.0711114 0.0145736 9.997E-05 0.0873153 9.997E-05 0.8267
0.0594033 9.99641E-05 9.99641E-05 9.99641E-05 0.852301 9.99641E-05 0.087896
9.99641E-05 9.99641E-05 9.99641E-05 0.0591794 9.99641E-05 0.0684138 0.872007
0.142405 9.9964E-05 9.9964E-05 9.9964E-05 9.9964E-05 0.350897 0.506298
0.605684 9.9955E-05 9.9955E-05 9.9955E-05 9.9955E-05 0.393816 9.9955E-05
9.99551E-05 0.81651 9.99551E-05 0.18299 9.99551E-05 9.99551E-05 9.99551E-05
9.995E-05 9.995E-05 0.9994 9.995E-05 9.995E-05 9.995E-05 9.995E-05
9.995E-05 9.995E-05 9.995E-05 0.9994 9.995E-05 9.995E-05 9.995E-05
0.940232 0.0480865 9.99641E-05 9.99641E-05 0.011282 9.99641E-05 9.99641E-05
9.9955E-05 0.77941 9.9955E-05 9.9955E-05 9.9955E-05 9.9955E-05 0.22009
9.99551E-05 0.182008 9.99551E-05 9.99551E-05 9.99551E-05 9.99551E-05 0.817492
0.0823347 0.0628046 9.997E-05 0.819873 9.997E-05 9.997E-05 0.0346874
9.996E-05 0.662082 9.996E-05 9.996E-05 0.0241583 9.996E-05 0.31336
