9.9973E-05 9.9973E-05 0.14779 0.791862 0.0600482 9.9973E-05
0.129316 0.00545956 9.9973E-05 0.864924 9.9973E-05 9.9973E-05
9.9973E-05 0.0515448 0.578845 0.36931 9.9973E-05 9.9973E-05
0.753091 0.10937 0.0808521 9.99821E-05 0.0564872 9.99821E-05
0.0756229 9.9964E-05 9.9964E-05 9.9964E-05 9.9964E-05 0.923977
9.9973E-05 0.810697 0.0559622 0.133041 9.9973E-05 9.9973E-05
9.9982E-05 0.0362513 0.690363 9.9982E-05 0.0693451 0.203841
0.572878 9.99731E-05 0.0337857 0.393036 9.99731E-05 9.99731E-05
9.99641E-05 0.634649 9.99641E-05 9.99641E-05 0.364951 9.99641E-05
9.996E-05 9.996E-05 9.996E-05 9.996E-05 9.996E-05 0.9995
9.99731E-05 9.99731E-05 0.0953978 0.074351 9.99731E-05 0.829951
0.587364 0.0105225 9.9973E-05 0.401814 9.9973E-05 9.9973E-05
0.0359835 9.9991E-05 0.262861 0.0103497 0.372737 0.317969
0.0093102 0.0290142 0.741306 0.119544 9.9991E-05 0.100725
9.9973E-05 0.00117605 9.9973E-05 9.9973E-05 0.243908 0.754616
9.99641E-05 9.99641E-05 0.108009 9.99641E-05 0.891591 9.99641E-05
0.918143 9.99641E-05 9.99641E-05 0.0814568 9.99641E-05 9.99641E-05
9.999E-05 0.255543 0.0731434 0.0223482 0.346037 0.302828
9.9964E-05 0.944314 9.9964E-05 0.0552859 9.9964E-05 9.9964E-05
0.048211 9.99641E-05 9.99641E-05 9.99641E-05 0.951389 9.99641E-05
0.0118652 0.0906558 9.99731E-05 9.99731E-05 0.897179 9.99731E-05
0.187872 0.368799 9.99731E-05 9.99731E-05 0.443029 9.99731E-05
9.9973E-05 9.9973E-05 0.0742378 9.9973E-05 0.871247 0.0542151
0.584454 0.0107338 0.0844748 9.9991E-05 0.217145 0.103092
9.99641E-05 0.0529876 0.946613 9.99641E-05 9.99641E-05 9.99641E-05
9.99641E-05 9.99641E-05 9.99641E-05 9.99641E-05 0.357924 0.641676
0.769898 9.99731E-05 0.224146 9.99731E-05 0.00565601 9.99731E-05
0.0951231 0.528605 0.0761434 9.9991E-05 0.0398939 0.260135
9.996E-05 9.996E-05 9.996E-05 0.9995 9.996E-05 9.996E-05
0.483148 0.516453 9.99641E-05 9.99641E-05 9.99641E-05 9.99641E-05
9.996E-05 9.996E-05 0.9995 9.996E-05 9.996E-05 9.996E-05
9.996E-05 9.996E-05 0.9995 9.996E-05 9.996E-05 9.996E-05
9.9964E-05 9.9964E-05 0.335941 9.9964E-05 9.9964E-05 0.663659
9.9982E-05 0.929611 0.058858 9.9982E-05 0.00539494 0.00593605
0.9995 9.996E-05 9.996E-05 9.996E-05 9.996E-05 9.996E-05
9.9973E-05 0.0936973 0.0580463 9.9973E-05 0.847957 9.9973E-05
9.9973E-05 0.715322 9.9973E-05 0.0569501 0.227428 9.9973E-05
9.9982E-05 0.880024 0.0554444 0.0609237 9.9982E-05 0.00340837
9.99821E-05 0.0489452 0.203974 0.185599 9.99821E-05 0.561282
0.147254 0.788174 9.99731E-05 9.99731E-05 9.99731E-05 0.0642722
0.270027 0.729573 9.9964E-05 9.9964E-05 9.9964E-05 9.9964E-05
0.818313 0.0376746 9.9973E-05 0.143713 9.9973E-05 9.9973E-05
9.99641E-05 9.99641E-05 9.99641E-05 9.99641E-05 0.976195 0.0234051
9.996E-05 9.996E-05 0.9995 9.996E-05 9.996E-05 9.996E-05
9.99641E-05 9.99641E-05 9.99641E-05 9.99641E-05 0.358055 0.641545
0.779475 9.99641E-05 9.99641E-05 0.220126 9.99641E-05 9.99641E-05
9.9964E-05 0.253652 9.9964E-05 9.9964E-05 0.745949 9.9964E-05
9.99641E-05 0.874946 9.99641E-05 9.99641E-05 0.124655 9.99641E-05
0.100171 9.99821E-05 9.99821E-05 0.00483958 0.537194 0.357595
0.0467182 0.27401 9.9982E-05 9.9982E-05 0.626477 0.0525944
