0.107998 9.9991E-05 0.203053 0.688849
9.9982E-05 9.9982E-05 0.0723328 0.927467
0.473835 9.9991E-05 0.0267198 0.499346
0.158326 0.23244 9.9991E-05 0.609134
0.667731 9.9982E-05 0.332069 9.9982E-05
0.108929 0.890871 9.9982E-05 9.9982E-05
0.881381 0.112238 0.00628083 9.9991E-05
0.0503321 9.99821E-05 9.99821E-05 0.949468
9.9982E-05 0.720171 0.279629 9.9982E-05
0.840826 9.9982E-05 0.158974 9.9982E-05
0.986214 9.99821E-05 0.0135864 9.99821E-05
9.9982E-05 0.132204 9.9982E-05 0.867596
0.566472 0.112473 0.280946 0.0401085
0.839529 9.99821E-05 9.99821E-05 0.160271
0.469868 9.9982E-05 0.529932 9.9982E-05
0.0262552 0.230242 0.741796 0.00170635
9.9982E-05 0.10318 9.9982E-05 0.89662
0.363487 0.35034 0.286073 9.9991E-05
9.9982E-05 0.90932 9.9982E-05 0.0904797
9.9991E-05 0.079456 0.917887 0.00255705
9.9991E-05 0.121341 0.835134 0.0434255
9.9991E-05 0.416628 0.410556 0.172716
0.117813 0.0433196 0.838767 9.9991E-05
0.151257 0.0839026 0.134634 0.630207
0.85284 0.078815 9.9991E-05 0.0682453
0.252666 9.9982E-05 0.747134 9.9982E-05
0.199892 9.99821E-05 9.99821E-05 0.799908
0.282628 0.669605 0.0476671 9.9991E-05
9.99821E-05 9.99821E-05 0.073003 0.926797
9.99821E-05 0.637568 9.99821E-05 0.362232
0.992141 9.9982E-05 9.9982E-05 0.00765947
0.9997 9.998E-05 9.998E-05 9.998E-05
0.976319 9.9982E-05 0.023481 9.9982E-05
0.10372 0.880716 9.9991E-05 0.0154641
0.0307003 0.0666788 9.9991E-05 0.902521
9.9982E-05 0.216291 0.783509 9.9982E-05
9.9982E-05 0.975807 0.0239933 9.9982E-05
0.0856234 0.88291 9.9991E-05 0.0313662
0.778764 0.168632 9.9991E-05 0.0525037
9.99821E-05 0.917473 9.99821E-05 0.0823269
9.9982E-05 0.743591 9.9982E-05 0.256209
9.9982E-05 0.16962 9.9982E-05 0.83018
9.998E-05 9.998E-05 0.9997 9.998E-05
0.887679 9.9982E-05 9.9982E-05 0.112121
0.349895 9.9982E-05 0.649905 9.9982E-05
9.998E-05 9.998E-05 9.998E-05 0.9997
9.9982E-05 0.373265 0.626535 9.9982E-05
9.99821E-05 0.924606 0.0751937 9.99821E-05
0.185606 9.9991E-05 0.724862 0.089432
0.04281 0.429818 0.527272 9.9991E-05
