0.725938 0.273962 9.9991E-05
0.979698 0.0202016 9.9991E-05
0.485765 0.514135 9.9991E-05
0.801357 0.198543 9.9991E-05
9.9991E-05 0.747747 0.252153
0.665512 9.9991E-05 0.334388
0.00388504 0.874583 0.121531
0.858168 0.141732 9.9991E-05
0.166441 9.9991E-05 0.833459
9.9991E-05 0.854186 0.145714
9.999E-05 0.9998 9.999E-05
0.9998 9.999E-05 9.999E-05
9.9991E-05 0.603663 0.396237
0.145089 0.854811 9.9991E-05
9.9991E-05 0.566348 0.433552
9.9991E-05 0.0993059 0.900594
0.904414 0.0954863 9.9991E-05
0.0667303 0.3172 0.61607
0.758766 9.9991E-05 0.241134
9.9991E-05 0.0168252 0.983075
9.9991E-05 0.020379 0.979521
0.352033 9.9991E-05 0.647867
9.9991E-05 0.192983 0.806917
0.543284 0.348669 0.108047
0.170735 0.829165 9.9991E-05
9.9991E-05 0.397887 0.602014
0.682458 0.317442 9.9991E-05
0.305115 0.233649 0.461235
0.950331 0.0495688 9.99911E-05
0.768424 9.9991E-05 0.231476
0.0244117 0.975488 9.9991E-05
9.999E-05 0.9998 9.999E-05
9.999E-05 0.9998 9.999E-05
0.551377 9.9991E-05 0.448523
0.928846 0.071054 9.9991E-05
9.999E-05 9.999E-05 0.9998
0.426432 9.9991E-05 0.573468
0.561776 9.9991E-05 0.438124
0.218544 0.716082 0.0653741
0.617275 9.9991E-05 0.382625
0.897476 9.9991E-05 0.102424
0.9998 9.999E-05 9.999E-05
9.999E-05 9.999E-05 0.9998
0.131393 0.868507 9.9991E-05
9.9991E-05 0.447115 0.552785
0.886568 0.113332 9.9991E-05
0.0524718 9.9991E-05 0.947428
0.267797 9.9991E-05 0.732103
9.9991E-05 0.452949 0.546951
9.9991E-05 0.0433468 0.956553
