0.0901326 9.9982E-05 9.9982E-05 0.176801 0.732866
0.0300852 9.9982E-05 0.0351967 9.9982E-05 0.934518
9.998E-05 0.0767789 9.998E-05 0.488858 0.434164
9.997E-05 0.9996 9.997E-05 9.997E-05 9.997E-05
0.29354 9.9973E-05 9.9973E-05 0.70616 9.9973E-05
9.9982E-05 9.9982E-05 0.893746 0.0794089 0.0266454
0.0189225 0.134414 0.0574701 0.789093 9.9991E-05
9.9982E-05 0.0295034 9.9982E-05 0.0234856 0.946811
0.203104 9.99731E-05 0.796597 9.99731E-05 9.99731E-05
0.132052 9.99731E-05 9.99731E-05 0.867648 9.99731E-05
9.997E-05 9.997E-05 9.997E-05 0.9996 9.997E-05
9.9982E-05 0.0306408 0.0581141 9.9982E-05 0.911045
0.356783 9.9991E-05 0.0461201 0.562403 0.0345938
9.99731E-05 0.307123 9.99731E-05 0.692577 9.99731E-05
0.441963 9.99731E-05 9.99731E-05 0.557737 9.99731E-05
0.772612 9.9991E-05 0.15499 0.0610197 0.0112779
9.998E-05 0.304348 0.0721324 9.998E-05 0.623319
0.363248 9.9982E-05 0.296652 0.3399 9.9982E-05
9.9973E-05 9.9973E-05 0.94514 9.9973E-05 0.0545602
0.913411 0.0569161 0.0294733 9.9982E-05 9.9982E-05
0.786903 0.0759249 0.136972 9.9982E-05 9.9982E-05
0.359309 9.9982E-05 0.491991 9.9982E-05 0.1485
0.891915 9.9982E-05 0.0523609 0.0555243 9.9982E-05
0.164982 0.834718 9.9973E-05 9.9973E-05 9.9973E-05
9.9973E-05 0.267406 9.9973E-05 0.732294 9.9973E-05
0.700989 9.9973E-05 9.9973E-05 0.298711 9.9973E-05
9.997E-05 0.9996 9.997E-05 9.997E-05 9.997E-05
0.183625 0.246056 0.411521 0.158699 9.9991E-05
9.997E-05 9.997E-05 9.997E-05 9.997E-05 0.9996
9.99821E-05 0.185311 0.68371 9.99821E-05 0.130779
9.9973E-05 9.9973E-05 9.9973E-05 0.900357 0.0993427
9.99731E-05 0.00665899 9.99731E-05 0.993041 9.99731E-05
9.997E-05 9.997E-05 9.997E-05 0.9996 9.997E-05
9.9982E-05 0.0158516 0.918825 0.0651231 9.9982E-05
9.9973E-05 0.735649 9.9973E-05 9.9973E-05 0.264051
0.676163 9.9973E-05 0.323537 9.9973E-05 9.9973E-05
0.0947467 9.99731E-05 0.904953 9.99731E-05 9.99731E-05
9.9973E-05 9.9973E-05 0.925861 0.0738389 9.9973E-05
9.99821E-05 9.99821E-05 0.0456043 0.73913 0.215066
9.9982E-05 0.205902 0.778852 9.9982E-05 0.015046
9.9982E-05 0.0325319 0.786553 9.9982E-05 0.180715
9.99731E-05 9.99731E-05 0.166351 9.99731E-05 0.833349
0.9996 9.997E-05 9.997E-05 9.997E-05 9.997E-05
9.9982E-05 0.0722417 9.9982E-05 0.861269 0.0662896
0.696254 9.99731E-05 9.99731E-05 0.303446 9.99731E-05
9.99731E-05 0.144588 9.99731E-05 9.99731E-05 0.855112
0.583393 9.9973E-05 0.416308 9.9973E-05 9.9973E-05
0.114548 9.99731E-05 0.885152 9.99731E-05 9.99731E-05
0.77466 9.998E-05 9.998E-05 0.163514 0.0616258
0.571404 9.9973E-05 0.428297 9.9973E-05 9.9973E-05
