0.0604738 9.9973E-05 0.742056 9.9973E-05 9.9973E-05 0.19717
9.9964E-05 9.9964E-05 0.999016 0.000583905 9.9964E-05 9.9964E-05
9.9964E-05 9.9964E-05 0.382052 9.9964E-05 9.9964E-05 0.617548
9.99821E-05 0.640594 9.99821E-05 0.224796 0.020697 0.113713
0.108704 0.0281464 9.9982E-05 9.9982E-05 0.860391 0.00255811
9.997E-05 9.997E-05 0.173716 0.754511 9.997E-05 0.0714731
0.0305589 9.9991E-05 0.0311998 0.0498299 0.337333 0.550979
9.99731E-05 0.363765 0.630484 9.99731E-05 0.00545152 9.99731E-05
0.16956 9.99641E-05 9.99641E-05 0.83004 9.99641E-05 9.99641E-05
9.996E-05 9.996E-05 9.996E-05 9.996E-05 0.9995 9.996E-05
9.99731E-05 9.99731E-05 0.0269451 9.99731E-05 0.918882 0.0538727
9.9964E-05 0.571826 0.427774 9.9964E-05 9.9964E-05 9.9964E-05
0.214105 0.0774409 9.9991E-05 0.0777839 0.482354 0.148217
9.999E-05 0.0338538 0.0613442 0.0328137 0.179014 0.692874
0.244399 9.99731E-05 9.99731E-05 0.00332698 0.751974 9.99731E-05
0.888052 9.99641E-05 9.99641E-05 9.99641E-05 9.99641E-05 0.111548
9.996E-05 0.9995 9.996E-05 9.996E-05 9.996E-05 9.996E-05
0.363625 9.9982E-05 9.9982E-05 0.240274 0.350319 0.0455824
9.996E-05 9.996E-05 0.0481113 0.951489 9.996E-05 9.996E-05
0.962202 0.0373984 9.99641E-05 9.99641E-05 9.99641E-05 9.99641E-05
0.819266 0.0406814 0.0348384 0.105014 9.9982E-05 9.9982E-05
0.409242 0.206705 9.99731E-05 0.383754 9.99731E-05 9.99731E-05
0.893351 9.9964E-05 9.9964E-05 9.9964E-05 9.9964E-05 0.106249
0.103266 0.463953 0.0888282 0.0914658 0.0514895 0.200997
9.99641E-05 9.99641E-05 9.99641E-05 0.0444129 9.99641E-05 0.955187
0.573212 9.9964E-05 9.9964E-05 9.9964E-05 0.426388 9.9964E-05
9.99641E-05 0.740981 9.99641E-05 9.99641E-05 9.99641E-05 0.258619
0.0998071 0.151803 9.9991E-05 0.486495 0.260799 0.000996481
9.996E-05 9.996E-05 0.9995 9.996E-05 9.996E-05 9.996E-05
9.99641E-05 0.535644 9.99641E-05 0.463956 9.99641E-05 9.99641E-05
9.99641E-05 9.99641E-05 0.0159916 9.99641E-05 9.99641E-05 0.983609
9.996E-05 9.996E-05 9.996E-05 9.996E-05 9.996E-05 0.9995
9.9973E-05 0.0421505 9.9973E-05 9.9973E-05 0.848065 0.109484
9.99731E-05 0.0134082 9.99731E-05 0.896255 9.99731E-05 0.0900365
9.996E-05 0.9995 9.996E-05 9.996E-05 9.996E-05 9.996E-05
0.747915 9.9982E-05 0.0107122 0.216436 9.9982E-05 0.0247369
0.0611216 9.9973E-05 0.0498852 0.888693 9.9973E-05 9.9973E-05
9.9982E-05 0.0805781 9.9982E-05 0.852829 0.00400631 0.062387
9.99821E-05 9.99821E-05 0.158349 0.0708488 0.623771 0.146831
9.99731E-05 0.279439 9.99731E-05 0.699107 0.0211546 9.99731E-05
9.9964E-05 0.453866 9.9964E-05 0.545734 9.9964E-05 9.9964E-05
9.99731E-05 0.895657 0.0896723 0.0143704 9.99731E-05 9.99731E-05
0.9995 9.996E-05 9.996E-05 9.996E-05 9.996E-05 9.996E-05
9.996E-05 9.996E-05 9.996E-05 9.996E-05 9.996E-05 0.9995
0.530273 9.99641E-05 9.99641E-05 9.99641E-05 0.469327 9.99641E-05
0.00940553 0.766442 0.223852 9.99731E-05 9.99731E-05 9.99731E-05
0.578716 9.9964E-05 9.9964E-05 0.420884 9.9964E-05 9.9964E-05
0.116915 9.99641E-05 9.99641E-05 0.882686 9.99641E-05 9.99641E-05
0.619595 0.0765808 9.99731E-05 9.99731E-05 0.303524 9.99731E-05
0.76097 0.00148951 9.99731E-05 0.23724 9.99731E-05 9.99731E-05
