0.00394915 0.25265 0.696222 9.9973E-05 9.9973E-05 9.9973E-05 0.0468784
0.0189241 9.9964E-05 0.975696 9.9964E-05 0.0049803 9.9964E-05 9.9964E-05
9.9964E-05 0.515489 0.427029 0.0570823 9.9964E-05 9.9964E-05 9.9964E-05
9.99551E-05 9.99551E-05 9.99551E-05 9.99551E-05 0.936708 0.0627921 9.99551E-05
9.9973E-05 0.0706241 9.9973E-05 0.156816 0.0163984 9.9973E-05 0.755861
0.0308767 0.0647783 0.0694912 0.00709739 9.9982E-05 0.827556 9.9982E-05
0.049642 0.0847929 9.9973E-05 0.710198 0.155067 9.9973E-05 9.9973E-05
9.99641E-05 0.0791791 0.910387 0.0100338 9.99641E-05 9.99641E-05 9.99641E-05
0.573481 9.99552E-05 9.99552E-05 9.99552E-05 9.99552E-05 0.42602 9.99552E-05
9.9955E-05 9.9955E-05 9.9955E-05 0.78925 9.9955E-05 9.9955E-05 0.21025
9.995E-05 9.995E-05 9.995E-05 0.9994 9.995E-05 9.995E-05 9.995E-05
9.9964E-05 9.9964E-05 0.851857 9.9964E-05 0.081207 0.0665357 9.9964E-05
0.153451 0.125878 0.0112957 0.148603 0.0716278 0.0105098 0.478634
9.99731E-05 0.518719 9.99731E-05 0.19507 0.18263 9.99731E-05 0.103281
9.99641E-05 0.00687138 9.99641E-05 0.0993492 9.99641E-05 9.99641E-05 0.89338
0.951078 0.0484223 9.99552E-05 9.99552E-05 9.99552E-05 9.99552E-05 9.99552E-05
9.99731E-05 9.99731E-05 0.558332 0.0131558 0.312589 0.115623 9.99731E-05
0.441843 9.9973E-05 9.9973E-05 0.345504 9.9973E-05 0.20113 0.0112232
9.99551E-05 9.99551E-05 0.00701305 9.99551E-05 9.99551E-05 0.992487 9.99551E-05
0.83734 9.99641E-05 9.99641E-05 9.99641E-05 0.000114119 9.99641E-05 0.162146
0.785878 9.99641E-05 9.99641E-05 9.99641E-05 0.081854 9.99641E-05 0.131868
0.424711 9.99731E-05 0.11266 0.00413938 9.99731E-05 0.458189 9.99731E-05
0.742887 0.0514699 9.9973E-05 0.0537522 9.9973E-05 9.9973E-05 0.151591
0.178369 9.99551E-05 9.99551E-05 9.99551E-05 0.821131 9.99551E-05 9.99551E-05
9.99551E-05 0.920297 9.99551E-05 9.99551E-05 9.99551E-05 0.0792033 9.99551E-05
0.0999664 9.9955E-05 9.9955E-05 9.9955E-05 9.9955E-05 9.9955E-05 0.899534
9.99551E-05 0.0621589 9.99551E-05 9.99551E-05 0.937341 9.99551E-05 9.99551E-05
9.99641E-05 9.99641E-05 9.99641E-05 0.145924 9.99641E-05 0.59733 0.256346
9.995E-05 9.995E-05 0.9994 9.995E-05 9.995E-05 9.995E-05 9.995E-05
9.99641E-05 9.99641E-05 0.192792 9.99641E-05 0.0979898 0.708818 9.99641E-05
9.9964E-05 0.659012 0.0188225 0.321766 9.9964E-05 9.9964E-05 9.9964E-05
9.995E-05 0.9994 9.995E-05 9.995E-05 9.995E-05 9.995E-05 9.995E-05
9.9964E-05 9.9964E-05 9.9964E-05 0.942302 0.0079509 9.9964E-05 0.0493476
0.0357985 0.0678087 9.9964E-05 9.9964E-05 9.9964E-05 0.895993 9.9964E-05
9.9964E-05 9.9964E-05 0.103849 9.9964E-05 0.876873 0.0188781 9.9964E-05
0.989996 9.99551E-05 0.00950445 9.99551E-05 9.99551E-05 9.99551E-05 9.99551E-05
0.178974 9.99551E-05 9.99551E-05 9.99551E-05 9.99551E-05 0.820527 9.99551E-05
0.0714181 0.0388992 0.00804462 0.00880746 9.9982E-05 0.872631 9.9982E-05
9.99821E-05 0.00402907 0.17953 0.778257 0.00900247 0.0289816 9.99821E-05
0.0107871 9.99641E-05 9.99641E-05 9.99641E-05 0.210594 0.778219 9.99641E-05
9.9955E-05 9.9955E-05 0.17274 9.9955E-05 9.9955E-05 0.82676 9.9955E-05
9.99641E-05 9.99641E-05 0.814418 9.99641E-05 9.99641E-05 0.184593 0.000589416
0.609976 9.99551E-05 9.99551E-05 9.99551E-05 9.99551E-05 9.99551E-05 0.389524
9.995E-05 0.9994 9.995E-05 9.995E-05 9.995E-05 9.995E-05 9.995E-05
9.995E-05 9.995E-05 9.995E-05 9.995E-05 9.995E-05 9.995E-05 0.9994
0.0430607 9.9973E-05 0.742725 0.024311 0.189604 9.9973E-05 9.9973E-05
0.83647 9.99641E-05 0.00714062 9.99641E-05 9.99641E-05 0.15599 9.99641E-05
0.200516 9.99552E-05 9.99552E-05 9.99552E-05 9.99552E-05 0.798984 9.99552E-05
0.0250046 9.99731E-05 0.00699345 9.99731E-05 0.154444 9.99731E-05 0.813258
0.773739 9.996E-05 9.996E-05 0.082769 9.996E-05 0.143092 9.996E-05
