0.753749 0.137512 0.10864 9.9991E-05
0.936096 9.9982E-05 0.0637045 9.9982E-05
0.53628 0.46352 9.9982E-05 9.9982E-05
0.569044 0.190239 9.9991E-05 0.240617
9.9982E-05 0.698704 0.301096 9.9982E-05
9.9982E-05 0.0474356 9.9982E-05 0.952364
9.9982E-05 0.925739 9.9982E-05 0.0740607
0.986306 0.0134942 9.99821E-05 9.99821E-05
9.9982E-05 9.9982E-05 0.325195 0.674606
9.9982E-05 0.872535 0.127265 9.9982E-05
9.998E-05 0.9997 9.998E-05 9.998E-05
0.909646 9.9982E-05 9.9982E-05 0.0901543
9.999E-05 0.52643 0.385882 0.0875876
0.17328 0.82652 9.99821E-05 9.99821E-05
9.9982E-05 0.618348 0.381452 9.9982E-05
0.031357 0.0338364 0.905084 0.0297228
0.907685 9.99821E-05 9.99821E-05 0.0921148
9.9991E-05 0.335927 0.381453 0.282521
0.0389696 9.9982E-05 9.9982E-05 0.96083
9.9982E-05 9.9982E-05 0.928781 0.071019
0.0763513 9.9991E-05 0.811401 0.112147
0.0861593 9.9991E-05 0.35007 0.56367
0.0216724 0.0889281 0.8893 9.9991E-05
0.446117 0.285556 0.0917766 0.17655
0.192923 0.806877 9.9982E-05 9.9982E-05
9.9982E-05 0.337705 0.662095 9.9982E-05
0.642759 0.241888 9.9991E-05 0.115253
9.9991E-05 0.304425 0.112779 0.582696
0.96545 9.99821E-05 0.0343499 9.99821E-05
0.330282 9.99821E-05 9.99821E-05 0.669518
0.0449958 0.954804 9.9982E-05 9.9982E-05
0.0567593 0.943041 9.99821E-05 9.99821E-05
9.9982E-05 0.982874 0.0169265 9.9982E-05
9.9982E-05 0.117062 9.9982E-05 0.882738
0.759328 0.0708085 9.9991E-05 0.169763
9.9982E-05 9.9982E-05 0.788555 0.211245
9.9982E-05 9.9982E-05 0.0964606 0.903339
9.9991E-05 0.0174651 0.0527027 0.929732
0.085634 0.814173 9.9991E-05 0.100093
0.0991108 0.0369284 9.9991E-05 0.863861
0.238219 9.9982E-05 9.9982E-05 0.761581
0.904544 9.9982E-05 9.9982E-05 0.0952565
9.998E-05 9.998E-05 0.9997 9.998E-05
0.149335 0.850465 9.9982E-05 9.9982E-05
9.9982E-05 0.391643 0.608157 9.9982E-05
0.9997 9.998E-05 9.998E-05 9.998E-05
9.9982E-05 9.9982E-05 0.698196 0.301604
9.9982E-05 9.9982E-05 0.199045 0.800755
0.026649 0.336183 0.637068 9.9991E-05
9.9982E-05 9.9982E-05 0.605046 0.394754
