0.116651 9.994E-05 9.994E-05 9.994E-05 9.994E-05 0.252309 9.994E-05 0.0417959 0.588644 9.994E-05
0.00971166 9.99461E-05 9.99461E-05 9.99461E-05 9.99461E-05 9.99461E-05 0.0343564 9.99461E-05 0.810024 0.145308
0.0327185 9.99371E-05 9.99371E-05 9.99371E-05 9.99371E-05 0.623396 9.99371E-05 9.99371E-05 0.343186 9.99371E-05
9.99372E-05 9.99372E-05 9.99372E-05 0.0442832 0.00398249 9.99372E-05 9.99372E-05 9.99372E-05 9.99372E-05 0.951035
9.99371E-05 0.989716 9.99371E-05 9.99371E-05 9.99371E-05 9.99371E-05 9.99371E-05 0.0018829 9.99371E-05 0.00770149
9.99461E-05 0.0278878 9.99461E-05 0.787652 9.99461E-05 0.127473 9.99461E-05 9.99461E-05 0.0563875 9.99461E-05
9.9955E-05 9.9955E-05 0.080781 9.9955E-05 0.00137603 9.9955E-05 0.0805059 0.794773 9.9955E-05 0.0420646
9.99371E-05 9.99371E-05 0.0648349 9.99371E-05 9.99371E-05 0.0585039 9.99371E-05 9.99371E-05 0.875962 9.99371E-05
9.99282E-05 9.99282E-05 9.99282E-05 0.481564 9.99282E-05 9.99282E-05 0.517636 9.99282E-05 9.99282E-05 9.99282E-05
9.99281E-05 0.850973 0.148228 9.99281E-05 9.99281E-05 9.99281E-05 9.99281E-05 9.99281E-05 9.99281E-05 9.99281E-05
9.99201E-05 9.99201E-05 0.999101 9.99201E-05 9.99201E-05 9.99201E-05 9.99201E-05 9.99201E-05 9.99201E-05 9.99201E-05
9.99281E-05 9.99281E-05 9.99281E-05 0.0494267 9.99281E-05 9.99281E-05 9.99281E-05 9.99281E-05 0.949774 9.99281E-05
9.9964E-05 0.0249696 0.0126485 9.9964E-05 0.678957 0.0589337 0.10132 0.122771 9.9964E-05 9.9964E-05
9.99201E-05 9.99201E-05 9.99201E-05 9.99201E-05 9.99201E-05 9.99201E-05 9.99201E-05 0.999101 9.99201E-05 9.99201E-05
9.99282E-05 0.996804 9.99282E-05 9.99282E-05 9.99282E-05 9.99282E-05 0.00239674 9.99282E-05 9.99282E-05 9.99282E-05
9.99201E-05 9.99201E-05 9.99201E-05 9.99201E-05 9.99201E-05 9.99201E-05 0.999101 9.99201E-05 9.99201E-05 9.99201E-05
9.99371E-05 9.99371E-05 9.99371E-05 0.0212892 9.99371E-05 9.99371E-05 9.99371E-05 9.99371E-05 0.655601 0.32241
9.9946E-05 0.0933297 0.312508 0.109816 9.9946E-05 9.9946E-05 0.483747 9.9946E-05 9.9946E-05 9.9946E-05
9.99201E-05 9.99201E-05 9.99201E-05 0.999101 9.99201E-05 9.99201E-05 9.99201E-05 9.99201E-05 9.99201E-05 9.99201E-05
0.976691 9.99282E-05 9.99282E-05 9.99282E-05 9.99282E-05 9.99282E-05 9.99282E-05 0.0225092 9.99282E-05 9.99282E-05
0.800235 9.99461E-05 9.99461E-05 0.073349 0.103981 9.99461E-05 9.99461E-05 9.99461E-05 0.0218348 9.99461E-05
9.99551E-05 9.99551E-05 9.99551E-05 0.36859 0.0213845 9.99551E-05 0.451324 0.0217437 0.136458 9.99551E-05
0.153221 0.0822373 9.99551E-05 9.99551E-05 0.0695548 9.99551E-05 0.6635 0.0309876 9.99551E-05 9.99551E-05
0.155441 9.99371E-05 0.0736488 9.99371E-05 9.99371E-05 9.99371E-05 9.99371E-05 9.99371E-05 9.99371E-05 0.770211
9.99201E-05 9.99201E-05 9.99201E-05 9.99201E-05 9.99201E-05 0.999101 9.99201E-05 9.99201E-05 9.99201E-05 9.99201E-05
0.293766 0.639031 9.99371E-05 9.99371E-05 9.99371E-05 9.99371E-05 0.0665043 9.99371E-05 9.99371E-05 9.99371E-05
9.99201E-05 9.99201E-05 9.99201E-05 9.99201E-05 9.99201E-05 9.99201E-05 9.99201E-05 9.99201E-05 9.99201E-05 0.999101
9.99371E-05 9.99371E-05 9.99371E-05 0.449515 0.418648 9.99371E-05 9.99371E-05 0.131137 9.99371E-05 9.99371E-05
9.99284E-05 9.99284E-05 9.99284E-05 9.99284E-05 9.99284E-05 9.99284E-05 9.99284E-05 0.0097981 0.989402 9.99284E-05
9.99552E-05 9.99552E-05 0.00579739 0.648624 0.0576399 9.99552E-05 9.99552E-05 9.99552E-05 0.248438 0.0390013
9.99282E-05 9.99282E-05 9.99282E-05 9.99282E-05 9.99282E-05 0.0411047 9.99282E-05 0.958096 9.99282E-05 9.99282E-05
9.99372E-05 0.0472776 9.99372E-05 9.99372E-05 9.99372E-05 0.853373 9.99372E-05 0.0986503 9.99372E-05 9.99372E-05
9.9955E-05 0.374825 0.239565 9.9955E-05 0.0153935 9.9955E-05 9.9955E-05 0.307154 9.9955E-05 0.0625631
9.99461E-05 9.99461E-05 9.99461E-05 0.818157 9.99461E-05 0.07222 0.0767132 0.0323104 9.99461E-05 9.99461E-05
9.99371E-05 9.99371E-05 9.99371E-05 0.0413556 9.99371E-05 9.99371E-05 9.99371E-05 9.99371E-05 0.239724 0.71822
9.99371E-05 9.99371E-05 9.99371E-05 0.0179601 9.99371E-05 9.99371E-05 0.945641 9.99371E-05 0.0356991 9.99371E-05
0.0806172 9.99371E-05 9.99371E-05 0.783888 9.99371E-05 9.99371E-05 0.134795 9.99371E-05 9.99371E-05 9.99371E-05
9.9946E-05 9.9946E-05 0.0585603 0.84426 0.0125436 9.9946E-05 0.084036 9.9946E-05 9.9946E-05 9.9946E-05
9.99281E-05 9.99281E-05 0.94248 9.99281E-05 9.99281E-05 9.99281E-05 9.99281E-05 9.99281E-05 0.0567209 9.99281E-05
0.024341 9.99372E-05 9.99372E-05 0.727204 9.99372E-05 9.99372E-05 9.99372E-05 9.99372E-05 9.99372E-05 0.247756
9.99281E-05 9.99281E-05 9.99281E-05 0.796271 9.99281E-05 9.99281E-05 9.99281E-05 9.99281E-05 0.202929 9.99281E-05
9.99282E-05 9.99282E-05 9.99282E-05 0.174007 9.99282E-05 9.99282E-05 9.99282E-05 9.99282E-05 0.825193 9.99282E-05
0.999101 9.99201E-05 9.99201E-05 9.99201E-05 9.99201E-05 9.99201E-05 9.99201E-05 9.99201E-05 9.99201E-05 9.99201E-05
9.99201E-05 9.99201E-05 9.99201E-05 9.99201E-05 9.99201E-05 0.999101 9.99201E-05 9.99201E-05 9.99201E-05 9.99201E-05
9.99371E-05 0.0762513 9.99371E-05 9.99371E-05 0.910424 9.99371E-05 9.99371E-05 0.012625 9.99371E-05 9.99371E-05
9.99371E-05 9.99371E-05 9.99371E-05 9.99371E-05 9.99371E-05 9.99371E-05 0.0903894 9.99371E-05 0.742605 0.166307
0.154863 9.99371E-05 9.99371E-05 0.188676 9.99371E-05 9.99371E-05 0.655761 9.99371E-05 9.99371E-05 9.99371E-05
9.99373E-05 9.99373E-05 9.99373E-05 0.74419 0.0314356 9.99373E-05 0.223675 9.99373E-05 9.99373E-05 9.99373E-05
9.99201E-05 9.99201E-05 9.99201E-05 9.99201E-05 0.999101 9.99201E-05 9.99201E-05 9.99201E-05 9.99201E-05 9.99201E-05
0.741029 9.99461E-05 0.0395354 0.159058 9.99461E-05 9.99461E-05 0.0597778 9.99461E-05 9.99461E-05 9.99461E-05
