0.616191 9.9982E-05 9.9982E-05 0.299728 0.0809091 0.00297233
0.876641 9.9964E-05 9.9964E-05 9.9964E-05 0.122959 9.9964E-05
0.317904 9.9973E-05 9.9973E-05 0.625114 0.0566825 9.9973E-05
0.30116 9.99731E-05 0.412959 0.285581 9.99731E-05 9.99731E-05
9.9973E-05 0.130689 9.9973E-05 0.150135 9.9973E-05 0.718877
9.9973E-05 9.9973E-05 0.831438 0.0690783 0.0991839 9.9973E-05
9.9982E-05 0.587973 0.0444926 0.291198 0.0761364 9.9982E-05
0.933961 0.065639 9.99641E-05 9.99641E-05 9.99641E-05 9.99641E-05
9.99641E-05 9.99641E-05 0.459365 9.99641E-05 0.540235 9.99641E-05
9.9964E-05 0.927293 9.9964E-05 9.9964E-05 9.9964E-05 0.0723068
9.996E-05 0.9995 9.996E-05 9.996E-05 9.996E-05 9.996E-05
0.913253 9.9964E-05 0.0863475 9.9964E-05 9.9964E-05 9.9964E-05
9.999E-05 0.521746 0.121199 0.04253 0.150237 0.164188
9.99821E-05 0.0158469 0.0762901 0.90135 9.99821E-05 0.00631297
9.99641E-05 0.0299589 9.99641E-05 9.99641E-05 9.99641E-05 0.969641
9.99641E-05 9.99641E-05 9.99641E-05 0.0620419 0.937558 9.99641E-05
0.795807 0.0524246 0.151468 9.9973E-05 9.9973E-05 9.9973E-05
9.9973E-05 0.380551 0.12331 9.9973E-05 0.495838 9.9973E-05
0.0464921 9.9964E-05 0.953108 9.9964E-05 9.9964E-05 9.9964E-05
9.99641E-05 9.99641E-05 9.99641E-05 9.99641E-05 0.884035 0.115565
0.0189169 9.99821E-05 0.078385 9.99821E-05 0.79424 0.108259
0.147187 0.0902803 0.289466 9.9982E-05 0.472867 9.9982E-05
9.9973E-05 0.101142 9.9973E-05 9.9973E-05 0.824706 0.073852
0.333086 9.9991E-05 0.164062 0.271418 0.192547 0.0387863
9.9973E-05 9.9973E-05 0.0394191 0.911716 9.9973E-05 0.0485655
9.9973E-05 9.9973E-05 9.9973E-05 0.026167 0.242168 0.731365
0.383371 9.99731E-05 0.226375 0.389954 9.99731E-05 9.99731E-05
9.99849E-05 9.99849E-05 0.600671 0.1011 0.0131334 0.284895
0.94182 9.99642E-05 9.99642E-05 9.99642E-05 0.0577799 9.99642E-05
0.217321 0.00362034 0.778759 9.99731E-05 9.99731E-05 9.99731E-05
0.0156718 0.309334 9.99731E-05 0.674695 9.99731E-05 9.99731E-05
9.996E-05 9.996E-05 9.996E-05 0.9995 9.996E-05 9.996E-05
9.9964E-05 0.964845 9.9964E-05 0.0347556 9.9964E-05 9.9964E-05
9.9973E-05 9.9973E-05 0.838951 0.0936963 0.0670524 9.9973E-05
0.637482 9.9973E-05 0.22678 0.135438 9.9973E-05 9.9973E-05
0.0453002 9.9964E-05 9.9964E-05 9.9964E-05 0.9543 9.9964E-05
9.99641E-05 9.99641E-05 0.789451 9.99641E-05 0.210149 9.99641E-05
9.9973E-05 9.9973E-05 0.870751 0.0243204 0.104629 9.9973E-05
0.182129 0.694914 0.0609567 0.0617998 9.99821E-05 9.99821E-05
0.0656519 9.99731E-05 0.856143 9.99731E-05 9.99731E-05 0.0779057
0.201798 9.9964E-05 0.797802 9.9964E-05 9.9964E-05 9.9964E-05
0.820694 9.99641E-05 0.178906 9.99641E-05 9.99641E-05 9.99641E-05
9.99641E-05 9.99641E-05 9.99641E-05 9.99641E-05 0.614423 0.385178
9.996E-05 9.996E-05 9.996E-05 0.9995 9.996E-05 9.996E-05
9.996E-05 9.996E-05 9.996E-05 9.996E-05 9.996E-05 0.9995
0.940419 9.99641E-05 9.99641E-05 9.99641E-05 0.0591808 9.99641E-05
9.9964E-05 9.9964E-05 0.156523 9.9964E-05 0.843077 9.9964E-05
9.99731E-05 9.99731E-05 0.747448 9.99731E-05 0.232119 0.0201331
0.0831626 9.99641E-05 9.99641E-05 9.99641E-05 9.99641E-05 0.916438
9.99731E-05 0.0907863 0.254637 9.99731E-05 0.654277 9.99731E-05
