0.190507 0.748709 0.0101207 0.0501631 9.99551E-05 9.99551E-05 9.99551E-05 9.99551E-05 9.99551E-05
9.9937E-05 0.68659 9.9937E-05 9.9937E-05 9.9937E-05 9.9937E-05 9.9937E-05 0.312711 9.9937E-05
0.607814 9.99371E-05 9.99371E-05 9.99371E-05 9.99371E-05 9.99371E-05 9.99371E-05 0.391486 9.99371E-05
9.99461E-05 0.742781 9.99461E-05 9.99461E-05 0.145647 9.99461E-05 0.110972 9.99461E-05 9.99461E-05
0.0250927 9.9955E-05 0.835565 9.9955E-05 9.9955E-05 9.9955E-05 0.117521 9.9955E-05 0.0213215
0.0877389 9.99461E-05 9.99461E-05 9.99461E-05 0.897727 9.99461E-05 9.99461E-05 9.99461E-05 0.0139347
9.9937E-05 9.9937E-05 9.9937E-05 9.9937E-05 9.9937E-05 0.075192 0.924108 9.9937E-05 9.9937E-05
0.0472748 9.99372E-05 9.99372E-05 9.99372E-05 9.99372E-05 9.99372E-05 9.99372E-05 0.952026 9.99372E-05
9.99462E-05 9.99462E-05 9.99462E-05 0.138114 0.644368 0.216919 9.99462E-05 9.99462E-05 9.99462E-05
9.993E-05 9.993E-05 0.367337 9.993E-05 9.993E-05 9.993E-05 9.993E-05 9.993E-05 0.631963
9.993E-05 9.993E-05 9.993E-05 9.993E-05 9.993E-05 9.993E-05 9.993E-05 9.993E-05 0.999201
9.99371E-05 9.99371E-05 9.99371E-05 0.0411474 9.99371E-05 9.99371E-05 9.99371E-05 0.958153 9.99371E-05
0.0701056 9.99641E-05 0.619618 9.99641E-05 0.117968 9.99641E-05 0.16678 0.0251289 9.99641E-05
9.993E-05 9.993E-05 9.993E-05 9.993E-05 9.993E-05 9.993E-05 0.999201 9.993E-05 9.993E-05
9.993E-05 9.993E-05 0.999201 9.993E-05 9.993E-05 9.993E-05 9.993E-05 9.993E-05 9.993E-05
9.993E-05 9.993E-05 9.993E-05 9.993E-05 9.993E-05 0.999201 9.993E-05 9.993E-05 9.993E-05
9.99461E-05 0.0513876 9.99461E-05 9.99461E-05 9.99461E-05 9.99461E-05 0.0363656 0.911647 9.99461E-05
9.9955E-05 9.9955E-05 0.0133347 9.9955E-05 0.145714 0.59115 9.9955E-05 9.9955E-05 0.249302
9.99371E-05 9.99371E-05 9.99371E-05 9.99371E-05 0.964073 9.99371E-05 9.99371E-05 0.035227 9.99371E-05
9.99641E-05 0.00109413 0.0238484 0.768574 9.99641E-05 0.203754 0.00232923 9.99641E-05 9.99641E-05
0.0221575 9.99371E-05 9.99371E-05 0.977143 9.99371E-05 9.99371E-05 9.99371E-05 9.99371E-05 9.99371E-05
9.99641E-05 9.99641E-05 9.99641E-05 0.13379 0.287019 0.311548 0.0402541 0.226989 9.99641E-05
9.99371E-05 9.99371E-05 0.0692413 9.99371E-05 9.99371E-05 0.930059 9.99371E-05 9.99371E-05 9.99371E-05
0.0356743 0.459407 9.9982E-05 0.218966 0.0240095 9.9982E-05 0.16143 0.0809012 0.0194119
0.960673 9.99371E-05 9.99371E-05 9.99371E-05 0.0386271 9.99371E-05 9.99371E-05 9.99371E-05 9.99371E-05
9.99461E-05 9.99461E-05 0.897168 9.99461E-05 9.99461E-05 0.0902383 9.99461E-05 0.0119938 9.99461E-05
0.0534381 0.879999 9.99461E-05 9.99461E-05 9.99461E-05 9.99461E-05 0.0659632 9.99461E-05 9.99461E-05
9.99461E-05 9.99461E-05 0.266155 9.99461E-05 0.561549 9.99461E-05 0.171696 9.99461E-05 9.99461E-05
9.99372E-05 0.955743 9.99372E-05 9.99372E-05 9.99372E-05 0.0435571 9.99372E-05 9.99372E-05 9.99372E-05
9.99462E-05 0.285664 9.99462E-05 9.99462E-05 0.594059 9.99462E-05 9.99462E-05 0.119677 9.99462E-05
0.383469 9.99461E-05 9.99461E-05 9.99461E-05 9.99461E-05 9.99461E-05 0.511226 9.99461E-05 0.104705
0.988901 9.99372E-05 9.99372E-05 9.99372E-05 9.99372E-05 9.99372E-05 0.0103992 9.99372E-05 9.99372E-05
9.9946E-05 9.9946E-05 0.212756 9.9946E-05 9.9946E-05 9.9946E-05 0.353308 9.9946E-05 0.433337
0.015603 9.9955E-05 9.9955E-05 9.9955E-05 0.890509 0.0437256 0.0496621 9.9955E-05 9.9955E-05
0.0225788 0.706452 9.9946E-05 9.9946E-05 9.9946E-05 9.9946E-05 9.9946E-05 0.270369 9.9946E-05
9.99371E-05 9.99371E-05 9.99371E-05 0.117039 9.99371E-05 0.882261 9.99371E-05 9.99371E-05 9.99371E-05
9.99461E-05 9.99461E-05 9.99461E-05 0.17277 0.808489 0.0181422 9.99461E-05 9.99461E-05 9.99461E-05
9.9955E-05 0.00557349 9.9955E-05 9.9955E-05 0.849278 0.080782 9.9955E-05 9.9955E-05 0.0638667
9.99461E-05 9.99461E-05 9.99461E-05 0.0318835 9.99461E-05 9.99461E-05 9.99461E-05 0.140508 0.827009
9.99551E-05 9.99551E-05 0.029609 9.99551E-05 0.79487 9.99551E-05 9.99551E-05 0.150963 0.0240582
9.9937E-05 9.9937E-05 9.9937E-05 9.9937E-05 0.571009 9.9937E-05 9.9937E-05 0.428291 9.9937E-05
9.99371E-05 9.99371E-05 9.99371E-05 9.99371E-05 0.0287178 9.99371E-05 9.99371E-05 0.970583 9.99371E-05
9.993E-05 9.993E-05 9.993E-05 0.999201 9.993E-05 9.993E-05 9.993E-05 9.993E-05 9.993E-05
0.965122 9.99371E-05 9.99371E-05 9.99371E-05 9.99371E-05 9.99371E-05 9.99371E-05 9.99371E-05 0.0341781
9.99372E-05 9.99372E-05 0.989412 0.0098887 9.99372E-05 9.99372E-05 9.99372E-05 9.99372E-05 9.99372E-05
9.99461E-05 0.20148 9.99461E-05 9.99461E-05 9.99461E-05 0.094729 9.99461E-05 0.703191 9.99461E-05
9.99461E-05 9.99461E-05 9.99461E-05 0.790654 0.200561 0.00818531 9.99461E-05 9.99461E-05 9.99461E-05
9.99373E-05 9.99373E-05 9.99373E-05 9.99373E-05 0.827525 0.171775 9.99373E-05 9.99373E-05 9.99373E-05
0.0869116 0.090925 0.38707 0.434594 9.99552E-05 9.99552E-05 9.99552E-05 9.99552E-05 9.99552E-05
9.99551E-05 9.99551E-05 9.99551E-05 0.737414 0.159022 9.99551E-05 9.99551E-05 0.0179715 0.0850931
