0.0788212 9.99461E-05 9.99461E-05 0.206895 9.99461E-05 0.122339 9.99461E-05 9.99461E-05 9.99461E-05 0.591345
9.99281E-05 9.99281E-05 9.99281E-05 0.119192 9.99281E-05 9.99281E-05 9.99281E-05 9.99281E-05 9.99281E-05 0.880009
0.900697 9.99281E-05 9.99281E-05 9.99281E-05 9.99281E-05 9.99281E-05 9.99281E-05 9.99281E-05 9.99281E-05 0.0985035
9.99461E-05 9.99461E-05 9.99461E-05 9.99461E-05 9.99461E-05 0.105607 9.99461E-05 0.0909911 0.236958 0.565844
0.0692214 0.929979 9.99281E-05 9.99281E-05 9.99281E-05 9.99281E-05 9.99281E-05 9.99281E-05 9.99281E-05 9.99281E-05
0.210794 9.9937E-05 9.9937E-05 9.9937E-05 9.9937E-05 9.9937E-05 9.9937E-05 0.0159824 0.772524 9.9937E-05
0.0709057 9.9946E-05 9.9946E-05 9.9946E-05 0.256025 0.349142 0.323327 9.9946E-05 9.9946E-05 9.9946E-05
0.209757 9.995E-05 0.0205517 0.00622108 9.995E-05 9.995E-05 0.0291752 9.995E-05 9.995E-05 0.733795
9.99282E-05 9.99282E-05 9.99282E-05 0.519747 9.99282E-05 9.99282E-05 9.99282E-05 9.99282E-05 0.479453 9.99282E-05
9.99281E-05 0.851752 9.99281E-05 9.99281E-05 9.99281E-05 9.99281E-05 0.147449 9.99281E-05 9.99281E-05 9.99281E-05
9.99201E-05 9.99201E-05 9.99201E-05 9.99201E-05 9.99201E-05 9.99201E-05 0.999101 9.99201E-05 9.99201E-05 9.99201E-05
9.99371E-05 9.99371E-05 0.149628 9.99371E-05 9.99371E-05 9.99371E-05 9.99371E-05 9.99371E-05 0.0145347 0.835138
9.99371E-05 9.99371E-05 9.99371E-05 9.99371E-05 9.99371E-05 0.206816 9.99371E-05 0.724353 0.0681317 9.99371E-05
9.99372E-05 9.99372E-05 0.0512612 9.99372E-05 9.99372E-05 0.944221 9.99372E-05 9.99372E-05 0.00381861 9.99372E-05
9.99283E-05 0.99328 9.99283E-05 9.99283E-05 9.99283E-05 9.99283E-05 9.99283E-05 9.99283E-05 0.00592008 9.99283E-05
9.99201E-05 9.99201E-05 9.99201E-05 9.99201E-05 0.999101 9.99201E-05 9.99201E-05 9.99201E-05 9.99201E-05 9.99201E-05
0.0407493 0.0121511 9.99461E-05 9.99461E-05 9.99461E-05 9.99461E-05 9.99461E-05 9.99461E-05 0.113856 0.832644
9.9946E-05 0.13253 9.9946E-05 9.9946E-05 0.531706 9.9946E-05 0.172405 9.9946E-05 0.16276 9.9946E-05
9.99371E-05 9.99371E-05 0.00882496 9.99371E-05 9.99371E-05 9.99371E-05 9.99371E-05 9.99371E-05 0.917603 0.0728722
9.99282E-05 9.99282E-05 9.99282E-05 0.921316 9.99282E-05 9.99282E-05 9.99282E-05 0.0778846 9.99282E-05 9.99282E-05
0.0949953 9.99461E-05 0.130964 0.691843 9.99461E-05 9.99461E-05 9.99461E-05 0.0815979 9.99461E-05 9.99461E-05
9.99461E-05 9.99461E-05 9.99461E-05 0.334854 0.204573 9.99461E-05 9.99461E-05 9.99461E-05 0.358883 0.10109
9.99281E-05 9.99281E-05 9.99281E-05 9.99281E-05 0.957392 9.99281E-05 9.99281E-05 0.0418081 9.99281E-05 9.99281E-05
0.118902 9.9955E-05 9.9955E-05 0.190035 9.9955E-05 9.9955E-05 0.159236 9.9955E-05 0.0794751 0.451852
0.999101 9.99201E-05 9.99201E-05 9.99201E-05 9.99201E-05 9.99201E-05 9.99201E-05 9.99201E-05 9.99201E-05 9.99201E-05
9.99281E-05 0.82973 9.99281E-05 0.16947 9.99281E-05 9.99281E-05 9.99281E-05 9.99281E-05 9.99281E-05 9.99281E-05
9.99371E-05 9.99371E-05 9.99371E-05 9.99371E-05 9.99371E-05 0.412939 9.99371E-05 9.99371E-05 0.0810076 0.505354
9.99461E-05 9.99461E-05 9.99461E-05 9.99461E-05 0.0138539 0.146774 9.99461E-05 0.274384 0.564388 9.99461E-05
9.99284E-05 9.99284E-05 9.99284E-05 9.99284E-05 0.0909974 9.99284E-05 9.99284E-05 9.99284E-05 9.99284E-05 0.908203
9.99552E-05 9.99552E-05 9.99552E-05 0.0212487 0.0123321 9.99552E-05 0.0122142 9.99552E-05 0.65003 0.303675
9.99371E-05 9.99371E-05 9.99371E-05 9.99371E-05 0.0226421 0.80901 0.167648 9.99371E-05 9.99371E-05 9.99371E-05
0.0326583 9.99281E-05 9.99281E-05 9.99281E-05 9.99281E-05 0.966542 9.99281E-05 9.99281E-05 9.99281E-05 9.99281E-05
9.9946E-05 0.262218 9.9946E-05 9.9946E-05 9.9946E-05 0.399325 0.286573 0.0512843 9.9946E-05 9.9946E-05
0.143245 9.99371E-05 9.99371E-05 9.99371E-05 0.0593401 9.99371E-05 9.99371E-05 9.99371E-05 0.796716 9.99371E-05
0.0402881 9.99641E-05 0.0218892 9.99641E-05 9.99641E-05 0.0756475 9.99641E-05 0.00626532 0.120822 0.734688
9.99451E-05 9.99451E-05 9.99451E-05 0.800646 0.158791 0.0398642 9.99451E-05 9.99451E-05 9.99451E-05 9.99451E-05
9.99281E-05 9.99281E-05 9.99281E-05 0.207139 9.99281E-05 9.99281E-05 9.99281E-05 9.99281E-05 0.792061 9.99281E-05
0.00438434 9.99551E-05 0.0730939 9.99551E-05 0.0920677 9.99551E-05 0.00924802 9.99551E-05 0.820706 9.99551E-05
9.99371E-05 9.99371E-05 0.0138058 9.99371E-05 9.99371E-05 9.99371E-05 0.95024 9.99371E-05 9.99371E-05 0.0352542
9.99462E-05 9.99462E-05 0.0384233 9.99462E-05 9.99462E-05 9.99462E-05 0.0415949 9.99462E-05 0.901639 0.0177434
0.0157551 9.9937E-05 9.9937E-05 9.9937E-05 9.9937E-05 9.9937E-05 9.9937E-05 9.9937E-05 0.802563 0.180983
9.99371E-05 0.0446018 9.99371E-05 9.99371E-05 9.99371E-05 9.99371E-05 9.99371E-05 9.99371E-05 0.108301 0.846397
9.99282E-05 0.188206 9.99282E-05 0.810995 9.99282E-05 9.99282E-05 9.99282E-05 9.99282E-05 9.99282E-05 9.99282E-05
0.188324 9.9937E-05 9.9937E-05 9.9937E-05 0.0140874 0.796889 9.9937E-05 9.9937E-05 9.9937E-05 9.9937E-05
9.99281E-05 0.0894638 9.99281E-05 9.99281E-05 9.99281E-05 9.99281E-05 9.99281E-05 0.909737 9.99281E-05 9.99281E-05
9.99282E-05 9.99282E-05 9.99282E-05 9.99282E-05 0.06933 9.99282E-05 9.99282E-05 9.99282E-05 9.99282E-05 0.929871
9.9946E-05 9.9946E-05 0.0425096 0.801919 0.071251 9.9946E-05 9.9946E-05 9.9946E-05 0.0837205 9.9946E-05
9.99282E-05 9.99282E-05 0.66938 9.99282E-05 9.99282E-05 9.99282E-05 9.99282E-05 9.99282E-05 0.32982 9.99282E-05
9.99201E-05 9.99201E-05 9.99201E-05 9.99201E-05 9.99201E-05 9.99201E-05 9.99201E-05 0.999101 9.99201E-05 9.99201E-05
9.99201E-05 9.99201E-05 0.999101 9.99201E-05 9.99201E-05 9.99201E-05 9.99201E-05 9.99201E-05 9.99201E-05 9.99201E-05
