0.113261 0.253437 9.9982E-05 0.633102 9.9982E-05
0.0703572 9.9973E-05 9.9973E-05 0.929343 9.9973E-05
0.0454213 0.619207 9.9982E-05 0.335171 9.9982E-05
9.999E-05 0.151849 0.342135 0.481973 0.0239425
9.9973E-05 9.9973E-05 9.9973E-05 0.0323151 0.967385
0.0206191 0.0533165 0.867064 0.0589008 9.9991E-05
0.0366522 0.605128 0.0736812 9.9991E-05 0.284439
9.99731E-05 0.0456973 9.99731E-05 0.954003 9.99731E-05
0.447125 9.99731E-05 0.552575 9.99731E-05 9.99731E-05
9.997E-05 9.997E-05 9.997E-05 9.997E-05 0.9996
9.99731E-05 0.276384 9.99731E-05 9.99731E-05 0.723316
9.9973E-05 9.9973E-05 0.118678 0.881022 9.9973E-05
0.123362 0.0492296 0.167622 0.022447 0.637339
0.0382403 0.912014 0.0495455 9.99821E-05 9.99821E-05
0.072318 9.9973E-05 9.9973E-05 9.9973E-05 0.927382
0.891008 0.108692 9.99731E-05 9.99731E-05 9.99731E-05
9.9973E-05 9.9973E-05 0.147798 0.851902 9.9973E-05
0.262057 0.0788421 0.279995 9.9991E-05 0.379006
9.9973E-05 9.9973E-05 0.963359 0.0363406 9.9973E-05
0.9996 9.997E-05 9.997E-05 9.997E-05 9.997E-05
0.859768 9.9982E-05 0.0908705 9.9982E-05 0.0491618
0.214474 9.9991E-05 0.634331 0.0235489 0.127546
0.806598 0.0287047 9.9982E-05 9.9982E-05 0.164498
0.17803 0.21842 0.128954 0.453889 0.0207077
9.9973E-05 0.963054 0.0366457 9.9973E-05 9.9973E-05
0.394763 9.9973E-05 9.9973E-05 9.9973E-05 0.604937
9.9982E-05 0.289391 0.137628 0.572781 9.9982E-05
9.99731E-05 9.99731E-05 0.62355 9.99731E-05 0.37615
0.00106069 9.99732E-05 9.99732E-05 0.998639 9.99732E-05
9.99821E-05 9.99821E-05 0.734087 0.26545 0.000262896
9.99731E-05 0.938967 9.99731E-05 9.99731E-05 0.0607331
9.997E-05 0.9996 9.997E-05 9.997E-05 9.997E-05
9.9973E-05 0.331527 9.9973E-05 9.9973E-05 0.668173
9.9973E-05 0.0790955 0.920605 9.9973E-05 9.9973E-05
9.9982E-05 0.0512125 0.227731 0.720857 9.9982E-05
0.966385 0.00290851 0.0305062 9.9982E-05 9.9982E-05
0.123154 9.9973E-05 0.876546 9.9973E-05 9.9973E-05
9.99731E-05 0.0302476 0.969453 9.99731E-05 9.99731E-05
9.9991E-05 0.348265 0.0851016 0.188551 0.377983
9.99821E-05 9.99821E-05 0.942532 0.0345941 0.0226737
9.9973E-05 9.9973E-05 0.788923 0.210777 9.9973E-05
9.9973E-05 9.9973E-05 0.216566 0.783135 9.9973E-05
0.942687 9.99731E-05 9.99731E-05 9.99731E-05 0.0570126
9.997E-05 0.9996 9.997E-05 9.997E-05 9.997E-05
0.333005 9.99731E-05 9.99731E-05 9.99731E-05 0.666695
0.0217454 0.0191505 9.9982E-05 0.958904 9.9982E-05
0.856249 9.9973E-05 0.143451 9.9973E-05 9.9973E-05
0.184689 9.99731E-05 0.815011 9.99731E-05 9.99731E-05
0.396078 9.99821E-05 9.99821E-05 0.0932033 0.510519
0.782095 9.99821E-05 0.182181 9.99821E-05 0.0355239
