9.99461E-05 9.99461E-05 0.0612031 9.99461E-05 0.578442 9.99461E-05 0.311158 9.99461E-05 0.0485967 9.99461E-05
9.9937E-05 0.13574 9.9937E-05 9.9937E-05 0.834854 9.9937E-05 9.9937E-05 9.9937E-05 0.0287059 9.9937E-05
9.9937E-05 9.9937E-05 9.9937E-05 9.9937E-05 0.316119 0.0615861 0.621595 9.9937E-05 9.9937E-05 9.9937E-05
9.99201E-05 0.999101 9.99201E-05 9.99201E-05 9.99201E-05 9.99201E-05 9.99201E-05 9.99201E-05 9.99201E-05 9.99201E-05
9.9946E-05 0.0203973 9.9946E-05 9.9946E-05 9.9946E-05 9.9946E-05 0.0279426 9.9946E-05 0.0516218 0.899439
9.9937E-05 9.9937E-05 0.873394 9.9937E-05 0.0904928 9.9937E-05 0.0354138 9.9937E-05 9.9937E-05 9.9937E-05
9.9955E-05 0.100394 9.9955E-05 9.9955E-05 9.9955E-05 0.0691177 0.0486267 0.746677 9.9955E-05 0.0346848
9.99201E-05 9.99201E-05 9.99201E-05 9.99201E-05 0.798162 9.99201E-05 9.99201E-05 0.201038 9.99201E-05 9.99201E-05
9.99282E-05 9.99282E-05 0.537635 9.99282E-05 9.99282E-05 0.461565 9.99282E-05 9.99282E-05 9.99282E-05 9.99282E-05
9.99281E-05 9.99281E-05 9.99281E-05 9.99281E-05 9.99281E-05 9.99281E-05 9.99281E-05 0.0718939 9.99281E-05 0.927307
9.99372E-05 9.99372E-05 9.99372E-05 9.99372E-05 9.99372E-05 9.99372E-05 0.0774776 0.356991 9.99372E-05 0.564832
9.99281E-05 9.99281E-05 9.99281E-05 0.277559 0.721642 9.99281E-05 9.99281E-05 9.99281E-05 9.99281E-05 9.99281E-05
0.850096 9.99551E-05 0.0222228 9.99551E-05 9.99551E-05 9.99551E-05 0.111469 0.010225 9.99551E-05 0.00548676
9.99372E-05 0.361895 9.99372E-05 9.99372E-05 9.99372E-05 9.99372E-05 0.475892 9.99372E-05 9.99372E-05 0.161514
0.0216513 9.99551E-05 0.00853257 9.99551E-05 9.99551E-05 0.0481797 9.99551E-05 9.99551E-05 0.033364 0.887773
9.99201E-05 9.99201E-05 9.99201E-05 9.99201E-05 9.99201E-05 0.999101 9.99201E-05 9.99201E-05 9.99201E-05 9.99201E-05
9.99371E-05 0.104225 9.99371E-05 0.501971 0.393105 9.99371E-05 9.99371E-05 9.99371E-05 9.99371E-05 9.99371E-05
9.9946E-05 9.9946E-05 0.147999 9.9946E-05 9.9946E-05 0.42977 9.9946E-05 0.184908 9.9946E-05 0.236723
9.9937E-05 9.9937E-05 0.747533 0.0925085 0.159259 9.9937E-05 9.9937E-05 9.9937E-05 9.9937E-05 9.9937E-05
9.99201E-05 9.99201E-05 9.99201E-05 9.99201E-05 9.99201E-05 9.99201E-05 9.99201E-05 9.99201E-05 0.999101 9.99201E-05
0.0451621 9.99641E-05 0.0993028 9.99641E-05 0.0257247 0.107733 9.99641E-05 0.021755 0.699923 9.99641E-05
9.99371E-05 9.99371E-05 9.99371E-05 0.608479 9.99371E-05 0.37538 9.99371E-05 9.99371E-05 0.0154411 9.99371E-05
0.0321313 9.99371E-05 9.99371E-05 9.99371E-05 9.99371E-05 0.864314 9.99371E-05 9.99371E-05 9.99371E-05 0.102855
9.99461E-05 0.58502 9.99461E-05 0.0800671 9.99461E-05 9.99461E-05 9.99461E-05 0.174165 0.160148 9.99461E-05
0.0101652 9.99461E-05 0.0108828 0.0424734 9.99461E-05 9.99461E-05 0.935879 9.99461E-05 9.99461E-05 9.99461E-05
0.23905 9.9955E-05 9.9955E-05 9.9955E-05 9.9955E-05 0.0570677 0.00147468 9.9955E-05 0.234152 0.467756
9.99281E-05 0.993595 9.99281E-05 9.99281E-05 9.99281E-05 9.99281E-05 0.00560578 9.99281E-05 9.99281E-05 9.99281E-05
0.30561 9.99461E-05 9.99461E-05 0.648134 9.99461E-05 9.99461E-05 0.0228837 9.99461E-05 9.99461E-05 0.0227727
9.99201E-05 9.99201E-05 9.99201E-05 9.99201E-05 0.999101 9.99201E-05 9.99201E-05 9.99201E-05 9.99201E-05 9.99201E-05
9.99372E-05 9.99372E-05 9.99372E-05 0.984114 9.99372E-05 0.00227364 9.99372E-05 9.99372E-05 0.0129131 9.99372E-05
0.0457626 9.99371E-05 9.99371E-05 9.99371E-05 9.99371E-05 9.99371E-05 0.713213 0.240324 9.99371E-05 9.99371E-05
9.99281E-05 9.99281E-05 9.99281E-05 9.99281E-05 9.99281E-05 9.99281E-05 0.918658 9.99281E-05 9.99281E-05 0.0805422
0.0899901 9.9946E-05 9.9946E-05 9.9946E-05 9.9946E-05 9.9946E-05 0.0122187 0.654596 9.9946E-05 0.242596
9.99282E-05 9.99282E-05 0.985377 9.99282E-05 9.99282E-05 9.99282E-05 0.0138238 9.99282E-05 9.99282E-05 9.99282E-05
9.9937E-05 0.773383 9.9937E-05 0.160331 0.0655864 9.9937E-05 9.9937E-05 9.9937E-05 9.9937E-05 9.9937E-05
9.99461E-05 9.99461E-05 0.0236675 9.99461E-05 0.0105616 0.848904 9.99461E-05 9.99461E-05 0.116268 9.99461E-05
9.99371E-05 9.99371E-05 0.65523 0.157596 9.99371E-05 9.99371E-05 9.99371E-05 9.99371E-05 0.186474 9.99371E-05
9.99461E-05 9.99461E-05 0.559903 0.431218 9.99461E-05 9.99461E-05 0.00799207 0.00028735 9.99461E-05 9.99461E-05
9.99201E-05 9.99201E-05 9.99201E-05 9.99201E-05 9.99201E-05 9.99201E-05 9.99201E-05 0.999101 9.99201E-05 9.99201E-05
9.99371E-05 9.99371E-05 0.0246312 0.940095 9.99371E-05 9.99371E-05 9.99371E-05 9.99371E-05 0.0345741 9.99371E-05
9.9937E-05 9.9937E-05 0.234404 0.660727 0.104169 9.9937E-05 9.9937E-05 9.9937E-05 9.9937E-05 9.9937E-05
9.99281E-05 9.99281E-05 9.99281E-05 0.480324 0.518877 9.99281E-05 9.99281E-05 9.99281E-05 9.99281E-05 9.99281E-05
9.99201E-05 9.99201E-05 9.99201E-05 9.99201E-05 9.99201E-05 9.99201E-05 9.99201E-05 9.99201E-05 0.999101 9.99201E-05
9.99201E-05 9.99201E-05 9.99201E-05 9.99201E-05 9.99201E-05 9.99201E-05 0.999101 9.99201E-05 9.99201E-05 9.99201E-05
0.966321 9.99282E-05 9.99282E-05 9.99282E-05 9.99282E-05 9.99282E-05 9.99282E-05 9.99282E-05 9.99282E-05 0.0328794
9.99551E-05 0.0448361 9.99551E-05 0.0908475 0.841211 9.99551E-05 0.00866238 9.99551E-05 9.99551E-05 0.0139431
9.99371E-05 9.99371E-05 0.231237 9.99371E-05 9.99371E-05 0.578897 9.99371E-05 9.99371E-05 0.189166 9.99371E-05
0.0658911 9.99373E-05 0.925106 9.99373E-05 9.99373E-05 0.00830331 9.99373E-05 9.99373E-05 9.99373E-05 9.99373E-05
0.999101 9.99201E-05 9.99201E-05 9.99201E-05 9.99201E-05 9.99201E-05 9.99201E-05 9.99201E-05 9.99201E-05 9.99201E-05
9.99371E-05 9.99371E-05 0.237635 9.99371E-05 9.99371E-05 9.99371E-05 9.99371E-05 0.0147126 0.746953 9.99371E-05
