0.707833 9.9991E-05 0.156852 0.135215
0.971637 9.9982E-05 9.9982E-05 0.0281626
0.504792 9.9982E-05 0.495008 9.9982E-05
0.544362 0.286729 0.168809 9.9991E-05
9.9982E-05 9.9982E-05 0.610563 0.389237
0.0532342 0.881365 0.065301 9.9991E-05
9.999E-05 0.0929237 0.858715 0.048261
0.961071 9.99821E-05 0.0387289 9.99821E-05
9.9982E-05 0.751418 9.9982E-05 0.248382
9.9982E-05 9.9982E-05 0.783187 0.216613
9.99821E-05 9.99821E-05 0.937637 0.0621633
0.913393 0.0864068 9.9982E-05 9.9982E-05
9.9991E-05 0.064762 0.461924 0.473214
0.109797 0.032737 0.857366 9.9991E-05
9.9982E-05 9.9982E-05 0.372578 0.627222
0.0169091 0.120916 9.9991E-05 0.862074
0.81255 0.147508 0.0398417 9.9991E-05
9.9991E-05 0.283791 0.276925 0.439184
0.0170923 0.982708 9.9982E-05 9.9982E-05
9.99821E-05 0.137032 9.99821E-05 0.862768
9.9982E-05 0.28009 9.9982E-05 0.71971
0.0852934 0.523114 9.9991E-05 0.391492
9.9991E-05 0.079149 0.0361371 0.884614
0.416271 0.244214 0.232939 0.106577
0.0921413 0.102032 0.805727 9.9991E-05
9.9982E-05 9.9982E-05 0.228429 0.771371
0.728647 9.9982E-05 0.271153 9.9982E-05
0.0345681 0.53109 0.283144 0.151197
0.958634 9.99821E-05 9.99821E-05 0.0411662
0.390043 0.609757 9.99821E-05 9.99821E-05
0.0871189 9.9982E-05 0.912681 9.9982E-05
9.998E-05 9.998E-05 0.9997 9.998E-05
9.9982E-05 9.9982E-05 0.918995 0.0808049
0.00943993 0.921382 0.0690785 9.9991E-05
0.850072 0.0777965 0.0720318 9.9991E-05
9.9982E-05 0.254596 9.9982E-05 0.745204
9.9982E-05 0.881136 9.9982E-05 0.118664
9.9982E-05 0.942282 0.057518 9.9982E-05
0.118504 0.103138 0.737277 0.0410815
0.0561167 0.916125 0.0276587 9.9991E-05
0.320976 0.678824 9.9982E-05 9.9982E-05
0.820578 0.179222 9.9982E-05 9.9982E-05
0.0294284 9.9982E-05 9.9982E-05 0.970372
0.137839 9.9982E-05 0.861961 9.9982E-05
9.9982E-05 9.9982E-05 0.293907 0.705893
0.974562 9.9982E-05 9.9982E-05 0.0252382
9.9982E-05 0.395427 9.9982E-05 0.604373
9.99821E-05 0.896066 9.99821E-05 0.103735
0.114964 9.9991E-05 0.134071 0.750866
9.9991E-05 0.377015 0.0379884 0.584896
