0.779581 0.0936629 0.126656 9.9991E-05
0.931809 0.0679906 9.9982E-05 9.9982E-05
0.579913 9.9982E-05 0.419887 9.9982E-05
0.645236 9.9991E-05 0.143464 0.2112
9.9982E-05 0.370829 0.628971 9.9982E-05
0.0950753 9.9991E-05 0.0468458 0.857979
9.9982E-05 9.9982E-05 0.895616 0.104184
0.962187 0.0284915 0.00922168 9.9991E-05
9.9982E-05 0.352236 9.9982E-05 0.647564
9.9982E-05 0.208827 0.790973 9.9982E-05
9.99821E-05 0.00601721 0.993783 9.99821E-05
0.803102 9.9982E-05 9.9982E-05 0.196698
9.999E-05 0.366069 0.527742 0.106089
0.113758 9.9991E-05 0.869111 0.0170306
9.9982E-05 0.512503 0.487297 9.9982E-05
9.9991E-05 0.901207 0.00155575 0.0971369
0.881512 9.99821E-05 9.99821E-05 0.118288
9.9991E-05 0.417158 0.296721 0.286022
9.998E-05 9.998E-05 9.998E-05 0.9997
9.99821E-05 0.893594 9.99821E-05 0.106206
0.00780117 0.834456 9.9991E-05 0.157642
0.038212 0.342889 9.9991E-05 0.618799
9.9991E-05 0.878788 0.0173779 0.103734
0.461588 0.140475 0.233904 0.164033
0.140509 9.9991E-05 0.776366 0.0830246
9.9982E-05 0.694953 0.304847 9.9982E-05
0.704306 9.9991E-05 0.207043 0.0885509
9.9991E-05 0.109183 0.308737 0.58198
0.965408 0.0343924 9.99821E-05 9.99821E-05
0.399359 9.99821E-05 9.99821E-05 0.600441
0.0637345 9.9982E-05 0.936065 9.9982E-05
9.998E-05 9.998E-05 0.9997 9.998E-05
9.9982E-05 0.0685949 0.931205 9.9982E-05
9.9982E-05 9.9982E-05 0.0747135 0.925087
0.785883 9.9991E-05 0.0298959 0.184121
9.9982E-05 0.820485 9.9982E-05 0.179315
9.9982E-05 0.151899 9.9982E-05 0.847901
9.9991E-05 0.0175015 0.0213232 0.961075
0.149488 0.158255 0.6596 0.0326557
0.089275 9.99821E-05 9.99821E-05 0.910525
0.248911 9.9982E-05 9.9982E-05 0.750889
0.789691 9.9982E-05 9.9982E-05 0.210109
9.998E-05 0.9997 9.998E-05 9.998E-05
0.0962653 9.9982E-05 0.903535 9.9982E-05
9.9982E-05 0.683997 0.315803 9.9982E-05
0.9997 9.998E-05 9.998E-05 9.998E-05
9.9982E-05 0.715287 9.9982E-05 0.284513
9.99821E-05 0.0783104 9.99821E-05 0.92149
0.135524 0.733686 0.13069 9.9991E-05
9.9982E-05 0.639153 9.9982E-05 0.360647
