0.129744 0.0723131 0.797843 9.9991E-05
9.9982E-05 0.0378362 0.961964 9.9982E-05
0.511727 9.9982E-05 0.488073 9.9982E-05
0.196255 9.9991E-05 0.511489 0.292156
0.702638 0.297162 9.9982E-05 9.9982E-05
0.0899709 9.9991E-05 0.000694728 0.909234
0.854037 0.0447355 0.0107695 0.0904576
0.058526 9.99821E-05 0.941274 9.99821E-05
9.99821E-05 0.243265 9.99821E-05 0.756535
0.741529 0.258271 9.9982E-05 9.9982E-05
0.932124 0.0676761 9.99821E-05 9.99821E-05
9.9982E-05 0.00519279 0.994607 9.9982E-05
0.505841 0.367858 9.9991E-05 0.126201
0.860578 9.9991E-05 0.0907683 0.0485536
0.399087 0.600713 9.9982E-05 9.9982E-05
0.135074 0.678361 9.9991E-05 0.186465
0.0417383 9.9991E-05 0.859418 0.0987439
0.300799 0.400095 9.9991E-05 0.299006
9.9982E-05 9.9982E-05 0.0195232 0.980277
9.9991E-05 0.843759 0.0284039 0.127737
9.9991E-05 0.744942 0.0897684 0.165189
9.9991E-05 0.334068 0.0677084 0.598124
0.0638418 0.81991 0.0540281 0.0622202
0.220959 0.155522 0.541697 0.0818216
0.87908 9.9991E-05 0.0124106 0.108409
0.242285 0.757515 9.9982E-05 9.9982E-05
0.239903 9.9991E-05 0.682156 0.0778405
0.286403 0.109118 9.9991E-05 0.604379
9.998E-05 9.998E-05 0.9997 9.998E-05
9.99821E-05 9.99821E-05 0.297778 0.702022
0.942452 9.9982E-05 0.0573482 9.9982E-05
0.9997 9.998E-05 9.998E-05 9.998E-05
0.878192 0.121608 9.9982E-05 9.9982E-05
0.0886527 9.9991E-05 0.000430653 0.910817
0.118384 9.9991E-05 0.757729 0.123787
9.9982E-05 0.769688 9.9982E-05 0.230112
9.9982E-05 0.121609 9.9982E-05 0.878191
0.0619668 0.0129391 9.9991E-05 0.924994
0.669649 0.0695877 0.222427 0.038336
0.0350609 9.9991E-05 0.0754002 0.889439
9.9982E-05 9.9982E-05 0.243184 0.756616
9.9982E-05 9.9982E-05 0.862342 0.137458
9.9982E-05 0.942404 0.0573964 9.9982E-05
0.898147 9.9991E-05 0.0991242 0.00262845
0.263808 0.735992 9.9982E-05 9.9982E-05
9.9982E-05 0.0413706 0.958429 9.9982E-05
9.9982E-05 0.550054 9.9982E-05 0.449746
9.99821E-05 0.210751 9.99821E-05 0.789049
0.203561 0.66228 0.134059 9.9991E-05
9.9982E-05 0.591729 9.9982E-05 0.408071
