0.640207 9.998E-05 0.20208 0.157513 9.998E-05
0.935708 9.9973E-05 9.9973E-05 0.0639919 9.9973E-05
0.383031 9.9982E-05 0.559265 0.0575039 9.9982E-05
0.609931 0.0311247 0.119033 9.9991E-05 0.239811
0.0391017 0.944626 9.9982E-05 9.9982E-05 0.016072
9.9973E-05 9.9973E-05 0.0995022 9.9973E-05 0.900198
9.9991E-05 0.282494 0.653417 0.0107756 0.0532134
0.934983 9.99731E-05 0.0647172 9.99731E-05 9.99731E-05
9.997E-05 9.997E-05 9.997E-05 0.370848 0.628852
9.997E-05 0.9996 9.997E-05 9.997E-05 9.997E-05
9.99732E-05 0.898956 0.100744 9.99732E-05 9.99732E-05
0.94742 9.99731E-05 9.99731E-05 9.99731E-05 0.0522804
0.0733178 0.434525 0.165843 0.326215 9.999E-05
0.0373293 0.115784 0.808453 0.0263961 0.0120377
9.9973E-05 0.705056 9.9973E-05 0.294644 9.9973E-05
9.997E-05 9.997E-05 0.110479 0.889221 9.997E-05
0.95593 9.9973E-05 9.9973E-05 9.9973E-05 0.0437701
9.998E-05 0.423914 9.998E-05 0.204232 0.371654
0.0304374 9.997E-05 9.997E-05 9.997E-05 0.969263
9.997E-05 9.997E-05 9.997E-05 0.9996 9.997E-05
0.0275089 9.99821E-05 9.99821E-05 0.862528 0.109763
0.115808 0.03358 9.9991E-05 0.375132 0.47538
9.9973E-05 9.9973E-05 0.103956 0.895744 9.9973E-05
0.369984 0.116318 0.153215 0.150366 0.210116
9.99731E-05 9.99731E-05 0.980119 9.99731E-05 0.0195811
9.9973E-05 0.549419 9.9973E-05 0.450281 9.9973E-05
0.60049 9.998E-05 0.338058 9.998E-05 0.0612519
9.999E-05 0.245647 0.102922 0.0457504 0.60558
0.922777 9.997E-05 9.997E-05 0.0769228 9.997E-05
0.342705 0.0104613 9.998E-05 9.998E-05 0.646634
9.997E-05 0.0723618 0.927338 9.997E-05 9.997E-05
9.997E-05 9.997E-05 0.9996 9.997E-05 9.997E-05
0.00755637 0.814103 0.17814 9.998E-05 9.998E-05
9.998E-05 9.998E-05 0.140803 0.0330078 0.825989
0.765143 9.9982E-05 0.133155 9.9982E-05 0.101502
9.998E-05 9.998E-05 0.0527073 0.826292 0.120801
9.9973E-05 9.9973E-05 9.9973E-05 0.287107 0.712593
9.998E-05 0.0449738 0.0436979 9.998E-05 0.911128
0.09393 0.504377 0.325425 9.999E-05 0.0761681
0.0052224 0.102036 9.998E-05 9.998E-05 0.892542
0.172157 9.9973E-05 9.9973E-05 9.9973E-05 0.827543
0.852573 9.9973E-05 9.9973E-05 9.9973E-05 0.147128
9.99731E-05 0.0203363 9.99731E-05 0.979364 9.99731E-05
9.997E-05 9.997E-05 0.9996 9.997E-05 9.997E-05
9.997E-05 0.589427 9.997E-05 0.410273 9.997E-05
0.983508 9.99731E-05 9.99731E-05 0.016192 9.99731E-05
9.9973E-05 9.9973E-05 9.9973E-05 0.750576 0.249124
9.99731E-05 9.99731E-05 9.99731E-05 0.13437 0.86533
0.0782402 0.376851 9.998E-05 0.544709 9.998E-05
9.998E-05 0.0525011 9.998E-05 0.58345 0.363849
