0.319783 9.9991E-05 0.680117
0.0510568 9.9991E-05 0.948843
0.536835 9.9991E-05 0.463065
0.182985 9.9991E-05 0.816915
0.78516 0.21474 9.9991E-05
9.999E-05 0.38044 0.61946
0.902817 0.0970835 9.9991E-05
0.139578 9.9991E-05 0.860322
9.9991E-05 0.839195 0.160705
0.898545 0.101355 9.9991E-05
0.9998 9.999E-05 9.999E-05
0.0455239 9.9991E-05 0.954376
0.596609 0.403291 9.9991E-05
0.83902 9.9991E-05 0.16088
0.542356 0.457544 9.9991E-05
0.100573 0.899327 9.9991E-05
0.0394095 9.9991E-05 0.96049
0.351502 0.630024 0.0184748
9.9991E-05 0.28504 0.71486
0.00546459 0.994435 9.9991E-05
0.0385548 0.891514 0.0699307
9.9991E-05 0.643911 0.355989
0.214693 0.785207 9.9991E-05
0.261986 0.148765 0.589249
0.810744 9.9991E-05 0.189156
0.486372 0.513528 9.9991E-05
0.314617 9.9991E-05 0.685283
0.229199 0.434446 0.336355
0.0379842 9.99911E-05 0.961916
9.9991E-05 0.194464 0.805436
0.964339 9.9991E-05 0.0355612
0.9998 9.999E-05 9.999E-05
0.9998 9.999E-05 9.999E-05
9.9991E-05 0.451206 0.548694
0.0864965 9.9991E-05 0.913404
9.9991E-05 0.981524 0.0183757
9.9991E-05 0.540392 0.459508
9.9991E-05 0.453705 0.546195
0.792871 0.0495001 0.157629
9.9991E-05 0.350868 0.649032
9.9991E-05 0.115954 0.883946
9.999E-05 9.999E-05 0.9998
9.999E-05 0.9998 9.999E-05
0.855341 9.9991E-05 0.144559
0.460378 0.539522 9.9991E-05
0.070285 9.9991E-05 0.929615
9.999E-05 0.9998 9.999E-05
9.9991E-05 0.676598 0.323302
0.433547 0.566353 9.9991E-05
9.9991E-05 0.877125 0.122775
