9.99641E-05 0.611464 9.99641E-05 0.114423 0.273714 9.99641E-05 9.99641E-05
9.996E-05 0.946807 9.996E-05 0.0276746 9.996E-05 9.996E-05 0.0251184
9.99641E-05 0.338588 9.99641E-05 0.0317714 0.629241 9.99641E-05 9.99641E-05
9.99641E-05 0.393577 9.99641E-05 9.99641E-05 0.200347 0.405676 9.99641E-05
9.9955E-05 9.9955E-05 0.942404 9.9955E-05 0.0570965 9.9955E-05 9.9955E-05
9.99551E-05 9.99551E-05 9.99551E-05 9.99551E-05 0.103369 0.896131 9.99551E-05
0.371839 9.9973E-05 0.0489093 9.9973E-05 0.474242 9.9973E-05 0.10471
0.0934915 0.906009 9.99551E-05 9.99551E-05 9.99551E-05 9.99551E-05 9.99551E-05
9.99551E-05 9.99551E-05 9.99551E-05 9.99551E-05 9.99551E-05 0.435073 0.564427
0.169551 9.995E-05 0.82995 9.995E-05 9.995E-05 9.995E-05 9.995E-05
0.9994 9.995E-05 9.995E-05 9.995E-05 9.995E-05 9.995E-05 9.995E-05
9.99551E-05 0.962956 9.99551E-05 9.99551E-05 9.99551E-05 0.0365443 9.99551E-05
9.998E-05 0.0586179 0.637833 9.998E-05 0.116665 0.0313976 0.155287
9.99641E-05 0.034247 0.116068 9.99641E-05 0.849285 9.99641E-05 9.99641E-05
9.99641E-05 9.99641E-05 0.961128 0.0350348 9.99641E-05 0.00343712 9.99641E-05
9.995E-05 9.995E-05 9.995E-05 9.995E-05 9.995E-05 9.995E-05 0.9994
9.99641E-05 0.967183 9.99641E-05 9.99641E-05 0.0123267 0.0200904 9.99641E-05
0.297707 9.9973E-05 0.104143 9.9973E-05 9.9973E-05 0.146121 0.451728
9.995E-05 9.995E-05 9.995E-05 9.995E-05 9.995E-05 0.9994 9.995E-05
9.99551E-05 9.99551E-05 9.99551E-05 0.943512 9.99551E-05 9.99551E-05 0.0559877
9.9964E-05 9.9964E-05 9.9964E-05 0.852125 9.9964E-05 0.144541 0.00293372
9.99641E-05 0.178232 9.99641E-05 9.99641E-05 9.99641E-05 0.274687 0.546682
9.997E-05 9.997E-05 0.117617 0.307838 0.0442903 9.997E-05 0.529955
0.168914 0.401812 9.9982E-05 0.188548 0.128197 0.112329 9.9982E-05
0.012428 9.99641E-05 9.99641E-05 9.99641E-05 0.91137 0.075802 9.99641E-05
9.9964E-05 9.9964E-05 0.634031 0.280589 9.9964E-05 9.9964E-05 0.0849802
9.99641E-05 0.510183 9.99641E-05 9.99641E-05 0.364608 0.124809 9.99641E-05
9.99821E-05 9.99821E-05 0.230219 0.0957569 0.070972 0.592414 0.0104384
0.00225339 0.937769 9.99642E-05 9.99642E-05 9.99642E-05 9.99642E-05 0.0595778
9.99641E-05 0.332747 9.99641E-05 9.99641E-05 9.99641E-05 0.634505 0.0323478
0.0524776 9.99641E-05 9.99641E-05 9.99641E-05 0.901818 9.99641E-05 0.0453046
9.995E-05 9.995E-05 9.995E-05 9.995E-05 0.9994 9.995E-05 9.995E-05
0.313677 9.9964E-05 0.450918 9.9964E-05 0.235005 9.9964E-05 9.9964E-05
9.99641E-05 9.99641E-05 9.99641E-05 9.99641E-05 0.0470375 0.859489 0.0930734
9.99641E-05 0.711692 9.99641E-05 9.99641E-05 0.075622 0.212286 9.99641E-05
9.99551E-05 0.0273326 9.99551E-05 9.99551E-05 9.99551E-05 9.99551E-05 0.972168
9.99551E-05 9.99551E-05 9.99551E-05 9.99551E-05 9.99551E-05 0.857286 0.142214
0.0457554 9.9964E-05 9.9964E-05 9.9964E-05 9.9964E-05 0.873702 0.0801428
0.967817 0.00742811 9.9964E-05 9.9964E-05 9.9964E-05 0.0243553 9.9964E-05
9.99731E-05 0.09568 0.0578752 0.00565403 9.99731E-05 0.840491 9.99731E-05
9.99551E-05 0.198649 9.99551E-05 9.99551E-05 9.99551E-05 0.800851 9.99551E-05
9.99551E-05 0.881453 9.99551E-05 9.99551E-05 9.99551E-05 0.118047 9.99551E-05
9.995E-05 9.995E-05 9.995E-05 0.9994 9.995E-05 9.995E-05 9.995E-05
9.995E-05 9.995E-05 9.995E-05 9.995E-05 0.9994 9.995E-05 9.995E-05
9.99551E-05 9.99551E-05 0.78017 0.21933 9.99551E-05 9.99551E-05 9.99551E-05
9.99551E-05 0.885149 9.99551E-05 9.99551E-05 9.99551E-05 9.99551E-05 0.114351
9.9964E-05 9.9964E-05 9.9964E-05 0.198754 9.9964E-05 0.118395 0.682451
9.996E-05 9.996E-05 9.996E-05 0.0387902 9.996E-05 0.745753 0.215057
0.178149 9.99641E-05 0.107056 0.714395 9.99641E-05 9.99641E-05 9.99641E-05
9.996E-05 9.996E-05 9.996E-05 0.79413 9.996E-05 0.170312 0.0351583
