0.146276 0.112515 9.9991E-05 0.741109
9.998E-05 9.998E-05 9.998E-05 0.9997
0.509693 9.9982E-05 9.9982E-05 0.490107
0.131666 9.9991E-05 0.25062 0.617615
0.616073 0.383727 9.9982E-05 9.9982E-05
0.102087 9.9991E-05 0.858931 0.0388812
0.891376 0.0103528 0.0981713 9.9991E-05
0.0606566 9.99821E-05 9.99821E-05 0.939143
9.99821E-05 0.26773 0.73207 9.99821E-05
0.720402 0.279398 9.9982E-05 9.9982E-05
0.9997 9.998E-05 9.998E-05 9.998E-05
9.9982E-05 9.9982E-05 0.080963 0.918837
0.453156 0.480158 0.045371 0.0213149
0.815074 9.9991E-05 0.0273839 0.157442
0.419396 0.580404 9.9982E-05 9.9982E-05
0.00529264 0.838823 0.149109 0.00677537
0.0609943 9.9991E-05 0.123985 0.814921
0.360677 0.406458 0.232765 9.9991E-05
9.9982E-05 9.9982E-05 0.924643 0.0751573
9.9982E-05 0.787684 0.212116 9.9982E-05
9.9991E-05 0.73652 0.189191 0.074189
9.9991E-05 0.283405 0.564152 0.152343
0.0119409 0.88773 0.10023 9.9991E-05
0.248578 0.133839 0.18224 0.435343
0.810964 9.9991E-05 0.0201766 0.168759
0.177931 0.821869 9.9982E-05 9.9982E-05
0.320461 9.9991E-05 0.00205651 0.677383
0.303745 0.0922769 0.603878 9.9991E-05
9.99821E-05 0.00895645 9.99821E-05 0.990844
9.99821E-05 9.99821E-05 0.584899 0.414901
0.925588 9.9982E-05 9.9982E-05 0.0742121
0.9997 9.998E-05 9.998E-05 9.998E-05
0.893445 0.106355 9.9982E-05 9.9982E-05
0.082299 9.9982E-05 0.917501 9.9982E-05
0.0410056 9.9991E-05 0.0561989 0.902696
9.9982E-05 0.572879 0.426921 9.9982E-05
9.9991E-05 0.0815785 0.905656 0.0126658
0.0412157 9.9982E-05 0.958584 9.9982E-05
0.812464 9.99821E-05 0.187336 9.99821E-05
0.0178028 9.9991E-05 0.89134 0.0907577
9.9982E-05 9.9982E-05 0.67472 0.32508
9.9982E-05 9.9982E-05 0.0853813 0.914419
9.998E-05 0.9997 9.998E-05 9.998E-05
0.902382 9.9982E-05 9.9982E-05 0.0974184
0.230111 0.769689 9.9982E-05 9.9982E-05
9.998E-05 9.998E-05 9.998E-05 0.9997
9.9982E-05 0.519016 0.480785 9.9982E-05
9.99821E-05 0.0422974 0.957503 9.99821E-05
0.0776536 0.784812 9.9991E-05 0.137434
9.9982E-05 0.474341 0.525459 9.9982E-05
