0.00188253 9.9946E-05 9.9946E-05 0.227075 9.9946E-05 0.0406038 9.9946E-05 9.9946E-05 0.729839 9.9946E-05
9.9937E-05 9.9937E-05 0.202297 9.9937E-05 9.9937E-05 9.9937E-05 9.9937E-05 9.9937E-05 0.796471 0.000532926
9.9946E-05 0.190791 9.9946E-05 0.585865 9.9946E-05 0.0678258 9.9946E-05 9.9946E-05 0.154918 9.9946E-05
9.99371E-05 9.99371E-05 0.866747 9.99371E-05 9.99371E-05 9.99371E-05 9.99371E-05 9.99371E-05 0.00569832 0.126855
9.99461E-05 9.99461E-05 0.0142452 0.0808559 9.99461E-05 9.99461E-05 0.732203 0.172096 9.99461E-05 9.99461E-05
9.99371E-05 9.99371E-05 9.99371E-05 0.108305 9.99371E-05 9.99371E-05 9.99371E-05 9.99371E-05 0.0349815 0.856014
9.9946E-05 9.9946E-05 0.0723991 0.243218 0.106701 9.9946E-05 9.9946E-05 0.577083 9.9946E-05 9.9946E-05
9.99283E-05 0.940845 9.99283E-05 0.0583552 9.99283E-05 9.99283E-05 9.99283E-05 9.99283E-05 9.99283E-05 9.99283E-05
0.955232 9.99371E-05 9.99371E-05 9.99371E-05 9.99371E-05 0.0366641 9.99371E-05 9.99371E-05 9.99371E-05 0.00740389
9.99281E-05 9.99281E-05 9.99281E-05 9.99281E-05 9.99281E-05 9.99281E-05 0.213586 0.785615 9.99281E-05 9.99281E-05
9.99284E-05 9.99284E-05 9.99284E-05 9.99284E-05 9.99284E-05 9.99284E-05 9.99284E-05 0.997952 0.00124874 9.99284E-05
9.9946E-05 0.791789 9.9946E-05 9.9946E-05 0.007643 9.9946E-05 9.9946E-05 9.9946E-05 0.113989 0.0859797
9.99728E-05 0.0731295 9.99728E-05 0.160661 0.257301 0.0396219 0.239479 0.229407 9.99728E-05 9.99728E-05
0.129409 9.99461E-05 0.137589 0.452875 9.99461E-05 9.99461E-05 9.99461E-05 0.279528 9.99461E-05 9.99461E-05
9.99201E-05 9.99201E-05 9.99201E-05 9.99201E-05 9.99201E-05 9.99201E-05 0.999101 9.99201E-05 9.99201E-05 9.99201E-05
9.99201E-05 9.99201E-05 9.99201E-05 9.99201E-05 0.999101 9.99201E-05 9.99201E-05 9.99201E-05 9.99201E-05 9.99201E-05
9.99372E-05 0.895183 0.0363537 9.99372E-05 9.99372E-05 9.99372E-05 9.99372E-05 9.99372E-05 9.99372E-05 0.0677642
0.00268995 9.9955E-05 9.9955E-05 9.9955E-05 0.524365 9.9955E-05 9.9955E-05 0.291129 0.0194307 0.161886
9.99281E-05 9.99281E-05 9.99281E-05 9.99281E-05 9.99281E-05 9.99281E-05 9.99281E-05 9.99281E-05 0.0127879 0.986413
9.99201E-05 9.99201E-05 9.99201E-05 9.99201E-05 9.99201E-05 0.999101 9.99201E-05 9.99201E-05 9.99201E-05 9.99201E-05
9.99201E-05 9.99201E-05 9.99201E-05 9.99201E-05 0.999101 9.99201E-05 9.99201E-05 9.99201E-05 9.99201E-05 9.99201E-05
0.891014 0.108186 9.99281E-05 9.99281E-05 9.99281E-05 9.99281E-05 9.99281E-05 9.99281E-05 9.99281E-05 9.99281E-05
9.99461E-05 9.99461E-05 9.99461E-05 9.99461E-05 0.786307 0.0874493 0.107388 0.0182557 9.99461E-05 9.99461E-05
9.994E-05 9.994E-05 0.65168 9.994E-05 9.994E-05 0.227537 9.994E-05 0.0688533 9.994E-05 0.0513303
9.99461E-05 9.99461E-05 9.99461E-05 0.9196 0.024522 9.99461E-05 0.00196648 9.99461E-05 9.99461E-05 0.0533116
9.99371E-05 9.99371E-05 9.99371E-05 9.99371E-05 0.0224034 0.129358 0.847539 9.99371E-05 9.99371E-05 9.99371E-05
9.99201E-05 9.99201E-05 0.999101 9.99201E-05 9.99201E-05 9.99201E-05 9.99201E-05 9.99201E-05 9.99201E-05 9.99201E-05
0.697408 9.99461E-05 0.141409 9.99461E-05 9.99461E-05 9.99461E-05 0.00325363 0.15733 9.99461E-05 9.99461E-05
9.99201E-05 9.99201E-05 9.99201E-05 9.99201E-05 9.99201E-05 9.99201E-05 9.99201E-05 9.99201E-05 0.999101 9.99201E-05
0.525137 0.347893 9.99372E-05 9.99372E-05 9.99372E-05 9.99372E-05 9.99372E-05 9.99372E-05 9.99372E-05 0.126271
9.99281E-05 9.99281E-05 9.99281E-05 0.680072 9.99281E-05 9.99281E-05 9.99281E-05 0.319129 9.99281E-05 9.99281E-05
9.99201E-05 9.99201E-05 9.99201E-05 0.999101 9.99201E-05 9.99201E-05 9.99201E-05 9.99201E-05 9.99201E-05 9.99201E-05
9.99201E-05 9.99201E-05 9.99201E-05 9.99201E-05 9.99201E-05 9.99201E-05 9.99201E-05 0.999101 9.99201E-05 9.99201E-05
0.000492336 9.99461E-05 9.99461E-05 0.0120388 0.17963 9.99461E-05 9.99461E-05 9.99461E-05 9.99461E-05 0.807239
9.9928E-05 0.246359 0.752842 9.9928E-05 9.9928E-05 9.9928E-05 9.9928E-05 9.9928E-05 9.9928E-05 9.9928E-05
9.9946E-05 9.9946E-05 9.9946E-05 9.9946E-05 0.673948 0.249867 9.9946E-05 9.9946E-05 0.0321303 0.0434542
0.845995 9.9937E-05 9.9937E-05 9.9937E-05 9.9937E-05 9.9937E-05 9.9937E-05 9.9937E-05 0.0573909 0.0959147
9.99461E-05 9.99461E-05 9.99461E-05 9.99461E-05 9.99461E-05 0.0577385 9.99461E-05 0.0440152 0.0359774 0.861669
9.99372E-05 0.05445 9.99372E-05 9.99372E-05 9.99372E-05 9.99372E-05 9.99372E-05 0.783615 9.99372E-05 0.161236
0.146477 9.99461E-05 0.0773375 9.99461E-05 9.99461E-05 9.99461E-05 0.0311985 9.99461E-05 9.99461E-05 0.744387
9.99281E-05 0.203158 9.99281E-05 9.99281E-05 9.99281E-05 9.99281E-05 9.99281E-05 9.99281E-05 9.99281E-05 0.796042
9.99281E-05 0.991716 9.99281E-05 9.99281E-05 9.99281E-05 9.99281E-05 9.99281E-05 9.99281E-05 9.99281E-05 0.00748423
9.99201E-05 9.99201E-05 9.99201E-05 9.99201E-05 9.99201E-05 0.999101 9.99201E-05 9.99201E-05 9.99201E-05 9.99201E-05
9.99281E-05 9.99281E-05 0.0191184 0.980082 9.99281E-05 9.99281E-05 9.99281E-05 9.99281E-05 9.99281E-05 9.99281E-05
9.99372E-05 9.99372E-05 9.99372E-05 9.99372E-05 9.99372E-05 0.469786 0.210637 0.318878 9.99372E-05 9.99372E-05
9.99372E-05 0.929054 0.0484463 9.99372E-05 9.99372E-05 0.0217999 9.99372E-05 9.99372E-05 9.99372E-05 9.99372E-05
0.505139 9.9937E-05 9.9937E-05 9.9937E-05 0.0945779 0.399583 9.9937E-05 9.9937E-05 9.9937E-05 9.9937E-05
0.397504 9.99372E-05 9.99372E-05 9.99372E-05 0.104778 9.99372E-05 9.99372E-05 9.99372E-05 9.99372E-05 0.497018
9.99551E-05 9.99551E-05 0.047892 9.99551E-05 0.0188821 0.00431267 0.863623 9.99551E-05 0.0647909 9.99551E-05
9.99462E-05 9.99462E-05 9.99462E-05 9.99462E-05 0.673912 0.0573018 0.046236 9.99462E-05 9.99462E-05 0.22195
