9.99641E-05 0.0106591 0.0770498 0.273202 0.638689 9.99641E-05 9.99641E-05 9.99641E-05
9.9964E-05 0.0104721 0.0330264 9.9964E-05 0.926701 9.9964E-05 9.9964E-05 0.0294001
9.9955E-05 9.9955E-05 0.01875 0.651014 0.329736 9.9955E-05 9.9955E-05 9.9955E-05
0.0493106 9.99461E-05 9.99461E-05 9.99461E-05 9.99461E-05 9.99461E-05 9.99461E-05 0.95009
9.9964E-05 0.869549 9.9964E-05 0.0854015 9.9964E-05 9.9964E-05 0.0140622 0.030587
0.971896 9.99641E-05 9.99641E-05 0.00309532 0.0115517 9.99641E-05 0.0130571 9.99641E-05
9.9964E-05 9.9964E-05 0.0133387 0.160222 9.9964E-05 9.9964E-05 0.616819 0.20922
9.99641E-05 9.99641E-05 9.99641E-05 0.00119116 0.919784 9.99641E-05 0.0638341 0.0147904
0.44886 9.99551E-05 0.47297 9.99551E-05 9.99551E-05 0.0776696 9.99551E-05 9.99551E-05
9.9946E-05 0.243831 9.9946E-05 9.9946E-05 9.9946E-05 9.9946E-05 0.75557 9.9946E-05
9.994E-05 9.994E-05 9.994E-05 9.994E-05 9.994E-05 9.994E-05 0.9993 9.994E-05
9.9955E-05 9.9955E-05 9.9955E-05 9.9955E-05 0.700201 0.266186 9.9955E-05 0.0331131
0.121003 0.600196 9.99731E-05 0.112961 0.00272823 9.99731E-05 0.162813 9.99731E-05
9.99641E-05 0.0841259 9.99641E-05 0.668152 9.99641E-05 9.99641E-05 0.0267575 0.220565
9.994E-05 0.9993 9.994E-05 9.994E-05 9.994E-05 9.994E-05 9.994E-05 9.994E-05
9.99461E-05 9.99461E-05 0.900178 0.0992219 9.99461E-05 9.99461E-05 9.99461E-05 9.99461E-05
9.996E-05 9.996E-05 9.996E-05 0.00539946 0.400977 0.317646 9.996E-05 0.275577
0.166201 9.9955E-05 0.420154 9.9955E-05 9.9955E-05 9.9955E-05 0.413145 9.9955E-05
0.960509 9.99551E-05 9.99551E-05 9.99551E-05 0.038205 0.000785931 9.99551E-05 9.99551E-05
9.99552E-05 0.0809621 0.902355 9.99552E-05 9.99552E-05 9.99552E-05 9.99552E-05 0.0161829
9.99641E-05 0.0587036 0.766436 9.99641E-05 9.99641E-05 0.128652 9.99641E-05 0.0458086
9.99551E-05 0.0496978 0.220611 9.99551E-05 9.99551E-05 0.729192 9.99551E-05 9.99551E-05
9.99641E-05 0.239717 0.753209 0.00576113 9.99641E-05 9.99641E-05 0.000912856 9.99641E-05
9.9955E-05 9.9955E-05 0.204855 9.9955E-05 9.9955E-05 9.9955E-05 0.0463644 0.748281
0.066647 9.99461E-05 9.99461E-05 0.932753 9.99461E-05 9.99461E-05 9.99461E-05 9.99461E-05
9.99551E-05 0.90722 0.0768617 9.99551E-05 0.0154186 9.99551E-05 9.99551E-05 9.99551E-05
9.994E-05 9.994E-05 9.994E-05 9.994E-05 9.994E-05 9.994E-05 9.994E-05 0.9993
0.431889 0.281434 9.99551E-05 9.99551E-05 9.99551E-05 9.99551E-05 9.99551E-05 0.286178
9.994E-05 9.994E-05 9.994E-05 9.994E-05 0.9993 9.994E-05 9.994E-05 9.994E-05
9.99551E-05 9.99551E-05 9.99551E-05 0.0319486 0.0297739 0.937778 9.99551E-05 9.99551E-05
9.99461E-05 9.99461E-05 9.99461E-05 0.657946 9.99461E-05 9.99461E-05 0.341454 9.99461E-05
9.994E-05 9.994E-05 9.994E-05 0.9993 9.994E-05 9.994E-05 9.994E-05 9.994E-05
9.9946E-05 0.14302 9.9946E-05 9.9946E-05 9.9946E-05 9.9946E-05 0.85638 9.9946E-05
0.933507 9.99461E-05 9.99461E-05 0.0658929 9.99461E-05 9.99461E-05 9.99461E-05 9.99461E-05
9.9955E-05 9.9955E-05 9.9955E-05 9.9955E-05 0.173701 0.128736 9.9955E-05 0.697064
0.00361257 9.9964E-05 0.947843 0.0146841 0.0334601 9.9964E-05 9.9964E-05 9.9964E-05
0.721934 9.99551E-05 0.183671 9.99551E-05 9.99551E-05 0.0938947 9.99551E-05 9.99551E-05
0.71439 9.9964E-05 0.0217152 9.9964E-05 9.9964E-05 0.199546 0.0639486 9.9964E-05
0.0348734 9.99551E-05 9.99551E-05 9.99551E-05 0.160345 9.99551E-05 0.804281 9.99551E-05
9.994E-05 9.994E-05 9.994E-05 9.994E-05 9.994E-05 0.9993 9.994E-05 9.994E-05
0.838275 9.99551E-05 9.99551E-05 9.99551E-05 0.131513 0.0297123 9.99551E-05 9.99551E-05
0.0296519 9.9955E-05 9.9955E-05 9.9955E-05 0.778362 0.191487 9.9955E-05 9.9955E-05
9.99462E-05 0.240966 0.758434 9.99462E-05 9.99462E-05 9.99462E-05 9.99462E-05 9.99462E-05
9.994E-05 9.994E-05 9.994E-05 0.9993 9.994E-05 9.994E-05 9.994E-05 9.994E-05
9.994E-05 0.9993 9.994E-05 9.994E-05 9.994E-05 9.994E-05 9.994E-05 9.994E-05
9.99551E-05 9.99551E-05 0.0232378 9.99551E-05 0.781042 9.99551E-05 9.99551E-05 0.195221
0.151961 9.99461E-05 0.84744 9.99461E-05 9.99461E-05 9.99461E-05 9.99461E-05 9.99461E-05
0.366507 9.99551E-05 0.155261 9.99551E-05 9.99551E-05 0.477733 9.99551E-05 9.99551E-05
9.99552E-05 0.674908 0.213915 9.99552E-05 0.110677 9.99552E-05 9.99552E-05 9.99552E-05
0.00594572 9.99641E-05 0.598384 9.99641E-05 9.99641E-05 0.333076 0.062195 9.99641E-05
