9.9991E-05 0.269021 0.722618 0.0082608
9.9982E-05 9.9982E-05 0.958058 0.0417419
9.9982E-05 0.573836 0.425964 9.9982E-05
0.232219 0.223621 0.54406 9.9991E-05
9.9982E-05 0.644144 9.9982E-05 0.355656
0.9165 0.0833003 9.9982E-05 9.9982E-05
0.149575 0.850225 9.9982E-05 9.9982E-05
9.99821E-05 0.0251959 0.974604 9.99821E-05
0.766752 9.9982E-05 9.9982E-05 0.233048
9.9982E-05 0.748738 9.9982E-05 0.251062
9.99821E-05 0.916134 9.99821E-05 0.0836663
0.115189 9.9982E-05 0.884611 9.9982E-05
0.0149852 0.461143 0.0837255 0.440146
0.0314888 0.808911 0.159501 9.9991E-05
9.9982E-05 0.380056 9.9982E-05 0.619744
0.158162 0.0217856 9.9991E-05 0.819952
0.122569 0.0399883 0.837343 9.9991E-05
0.319545 0.32903 9.9991E-05 0.351325
0.9997 9.998E-05 9.998E-05 9.998E-05
0.166291 9.99821E-05 9.99821E-05 0.833509
0.231717 9.9991E-05 0.0532505 0.714932
0.59967 9.9991E-05 0.0474677 0.352762
0.0959067 0.0972647 9.9991E-05 0.806729
0.274189 0.273572 0.354856 0.0973836
0.0333199 0.869764 0.0968159 9.9991E-05
9.9982E-05 0.284162 9.9982E-05 0.715638
0.117491 0.277552 0.604857 9.9991E-05
0.61515 0.266785 9.9991E-05 0.117965
9.99821E-05 9.99821E-05 0.948783 0.0510173
0.643103 9.99821E-05 0.356697 9.99821E-05
9.9982E-05 0.883579 0.116222 9.9982E-05
9.998E-05 0.9997 9.998E-05 9.998E-05
9.9982E-05 0.904129 9.9982E-05 0.0956706
0.906346 0.0934542 9.9982E-05 9.9982E-05
0.077885 0.109387 0.812628 9.9991E-05
0.268422 9.9982E-05 9.9982E-05 0.731378
0.927394 9.9982E-05 9.9982E-05 0.0724058
0.991266 0.00853386 9.9982E-05 9.9982E-05
0.160572 0.71709 0.0642382 0.0581001
0.931629 9.99821E-05 0.0681715 9.99821E-05
0.73218 9.9982E-05 0.26762 9.9982E-05
0.0602838 9.9982E-05 0.939516 9.9982E-05
9.9982E-05 9.9982E-05 0.00544987 0.99435
9.9982E-05 0.912929 0.0868707 9.9982E-05
9.9982E-05 0.240569 9.9982E-05 0.759231
9.9982E-05 9.9982E-05 0.963865 0.035935
0.447338 9.9982E-05 9.9982E-05 0.552463
0.88544 9.99821E-05 9.99821E-05 0.11436
9.9991E-05 0.241412 0.050934 0.707554
0.436341 9.9982E-05 9.9982E-05 0.563459
