0.243079 9.9991E-05 0.0528934 0.703927
9.9982E-05 9.9982E-05 0.00495855 0.994841
0.504618 9.9982E-05 9.9982E-05 0.495182
0.128927 0.178787 9.9991E-05 0.692186
0.599726 9.9982E-05 0.400074 9.9982E-05
0.042935 0.858373 9.9991E-05 0.0985919
0.870929 0.113738 0.0152335 9.9991E-05
0.00947113 9.9982E-05 9.9982E-05 0.990329
9.99821E-05 0.851066 0.148734 9.99821E-05
0.717545 9.9982E-05 0.282255 9.9982E-05
0.9997 9.998E-05 9.998E-05 9.998E-05
9.9982E-05 0.0140007 9.9982E-05 0.985799
0.527994 0.0765056 0.395401 9.9991E-05
0.902452 0.0296984 9.9991E-05 0.0677495
0.384907 9.9982E-05 0.614893 9.9982E-05
0.00446141 0.120305 0.875134 9.9991E-05
0.0147689 0.0995038 9.9991E-05 0.885627
0.268133 0.32141 0.410357 9.9991E-05
9.9982E-05 0.874091 9.9982E-05 0.125709
9.9982E-05 0.075518 0.924282 9.9982E-05
9.9991E-05 0.165344 0.814598 0.0199582
9.9991E-05 0.586333 0.294144 0.119423
0.0147435 0.0256003 0.959556 9.9991E-05
0.225459 0.148438 0.110564 0.515539
0.798601 0.0570146 9.9991E-05 0.144284
0.21359 9.9982E-05 0.78621 9.9982E-05
0.287565 9.99821E-05 9.99821E-05 0.712235
0.299653 0.536665 0.163582 9.9991E-05
9.99821E-05 9.99821E-05 0.0294638 0.970336
9.99821E-05 0.661032 9.99821E-05 0.338768
0.9997 9.998E-05 9.998E-05 9.998E-05
0.9997 9.998E-05 9.998E-05 9.998E-05
0.932317 9.9982E-05 0.0674834 9.9982E-05
0.0725773 0.927223 9.9982E-05 9.9982E-05
0.0823982 0.0338642 9.9991E-05 0.883638
9.9982E-05 0.297298 0.702502 9.9982E-05
9.9991E-05 0.897515 0.0936589 0.00872587
0.0559543 0.943846 9.9982E-05 9.9982E-05
0.693381 0.0992783 0.129588 0.0777535
0.0480043 0.84891 9.9991E-05 0.102985
9.9982E-05 0.699727 9.9982E-05 0.300073
9.9982E-05 0.166242 9.9982E-05 0.833558
9.9982E-05 9.9982E-05 0.969038 0.0307624
0.937902 9.9982E-05 9.9982E-05 0.0618979
0.275552 9.99821E-05 0.724248 9.99821E-05
9.99821E-05 9.99821E-05 0.0337406 0.966059
9.9982E-05 0.376765 0.623035 9.9982E-05
9.99821E-05 0.928882 0.0709178 9.99821E-05
0.115183 9.9991E-05 0.836987 0.0477297
9.9982E-05 0.41078 0.58902 9.9982E-05
