9.9991E-05 0.0992918 0.138474 0.762134
9.9982E-05 0.0109602 9.9982E-05 0.98884
9.9982E-05 9.9982E-05 0.517561 0.482239
0.198004 9.9991E-05 0.201351 0.600545
9.9982E-05 0.329453 0.670347 9.9982E-05
0.913951 9.9982E-05 0.0858489 9.9982E-05
0.132807 9.9982E-05 0.866993 9.9982E-05
9.99821E-05 9.99821E-05 0.0508717 0.948928
0.792657 0.207143 9.9982E-05 9.9982E-05
9.9982E-05 0.294116 0.705684 9.9982E-05
9.99821E-05 0.0215013 0.978299 9.99821E-05
0.0728728 9.9982E-05 9.9982E-05 0.926927
0.0563614 0.469568 0.463942 0.0101286
0.0203935 9.9991E-05 0.837855 0.141652
9.9982E-05 0.588121 0.411679 9.9982E-05
0.138391 0.84484 9.9991E-05 0.0166687
0.105502 9.9982E-05 9.9982E-05 0.894298
0.336718 0.358214 0.304968 9.9991E-05
0.994396 9.9982E-05 9.9982E-05 0.00540401
0.142403 0.857397 9.99821E-05 9.99821E-05
0.187225 0.806971 9.9991E-05 0.00570465
0.540073 0.315737 9.9991E-05 0.144089
9.9991E-05 0.926214 0.048638 0.0250477
0.126497 0.215509 0.178998 0.478996
0.0544691 9.9991E-05 0.799664 0.145767
9.9982E-05 0.752214 0.247586 9.9982E-05
0.0300017 9.9991E-05 0.210371 0.759527
0.533788 0.194433 0.252729 0.0190496
9.998E-05 9.998E-05 9.998E-05 0.9997
0.62404 9.99821E-05 9.99821E-05 0.37576
9.998E-05 9.998E-05 0.9997 9.998E-05
9.998E-05 9.998E-05 0.9997 9.998E-05
9.9982E-05 0.0322086 0.967591 9.9982E-05
0.937974 9.9982E-05 0.0618265 9.9982E-05
0.113091 9.9991E-05 0.0809791 0.805829
0.236555 0.763245 9.9982E-05 9.9982E-05
0.926768 0.0730324 9.9982E-05 9.9982E-05
0.91912 9.9982E-05 0.08068 9.9982E-05
0.0725313 0.0852265 0.694479 0.147763
0.907674 9.99821E-05 9.99821E-05 0.0921264
0.749241 9.9982E-05 9.9982E-05 0.250559
0.0879165 9.9982E-05 9.9982E-05 0.911884
9.998E-05 0.9997 9.998E-05 9.998E-05
9.9982E-05 9.9982E-05 0.877098 0.122702
9.9982E-05 0.723488 0.276312 9.9982E-05
9.998E-05 9.998E-05 9.998E-05 0.9997
0.408749 0.591051 9.9982E-05 9.9982E-05
0.875263 0.124537 9.99821E-05 9.99821E-05
9.9991E-05 0.783285 0.181646 0.0349682
0.44408 0.55572 9.9982E-05 9.9982E-05
