9.99461E-05 9.99461E-05 9.99461E-05 0.0729685 9.99461E-05 0.268227 0.658204 9.99461E-05 9.99461E-05
9.9955E-05 0.0888163 9.9955E-05 0.00642116 9.9955E-05 9.9955E-05 0.872172 0.0320905 9.9955E-05
9.99461E-05 9.99461E-05 9.99461E-05 0.0378671 9.99461E-05 0.581502 0.380031 9.99461E-05 9.99461E-05
9.99371E-05 0.939516 9.99371E-05 9.99371E-05 9.99371E-05 9.99371E-05 9.99371E-05 0.0597848 9.99371E-05
0.0793161 0.0241403 9.99551E-05 0.0766294 0.819414 9.99551E-05 9.99551E-05 9.99551E-05 9.99551E-05
9.99371E-05 9.99371E-05 9.99371E-05 9.99371E-05 9.99371E-05 0.0237847 9.99371E-05 0.975516 9.99371E-05
9.9955E-05 0.142984 9.9955E-05 9.9955E-05 0.342369 0.408712 9.9955E-05 9.9955E-05 0.105434
9.99551E-05 0.0511196 9.99551E-05 0.0455222 9.99551E-05 0.0426599 0.860199 9.99551E-05 9.99551E-05
9.99462E-05 9.99462E-05 9.99462E-05 0.115405 9.99462E-05 9.99462E-05 9.99462E-05 0.622567 0.261428
9.9937E-05 9.9937E-05 9.9937E-05 9.9937E-05 0.988905 9.9937E-05 9.9937E-05 9.9937E-05 0.0103952
9.99373E-05 9.99373E-05 9.99373E-05 9.99373E-05 0.909757 0.0895436 9.99373E-05 9.99373E-05 9.99373E-05
9.9937E-05 9.9937E-05 0.175878 9.9937E-05 9.9937E-05 9.9937E-05 0.823422 9.9937E-05 9.9937E-05
0.741131 9.99461E-05 9.99461E-05 9.99461E-05 9.99461E-05 0.172665 9.99461E-05 0.0856043 9.99461E-05
9.99551E-05 0.0689619 0.116845 9.99551E-05 0.0603364 0.753357 9.99551E-05 9.99551E-05 9.99551E-05
0.0557563 9.99461E-05 9.99461E-05 0.197118 0.746526 9.99461E-05 9.99461E-05 9.99461E-05 9.99461E-05
9.993E-05 9.993E-05 9.993E-05 9.993E-05 9.993E-05 9.993E-05 9.993E-05 9.993E-05 0.999201
9.99461E-05 0.228911 0.306945 9.99461E-05 9.99461E-05 9.99461E-05 0.463545 9.99461E-05 9.99461E-05
9.9946E-05 9.9946E-05 9.9946E-05 9.9946E-05 0.335738 9.9946E-05 9.9946E-05 0.182124 0.481538
9.99461E-05 9.99461E-05 0.118235 9.99461E-05 9.99461E-05 9.99461E-05 0.0204632 0.860702 9.99461E-05
9.993E-05 9.993E-05 9.993E-05 0.999201 9.993E-05 9.993E-05 9.993E-05 9.993E-05 9.993E-05
0.0283099 9.99551E-05 0.146672 0.796157 9.99551E-05 9.99551E-05 0.0283613 9.99551E-05 9.99551E-05
9.99371E-05 9.99371E-05 0.639097 9.99371E-05 9.99371E-05 9.99371E-05 9.99371E-05 9.99371E-05 0.360203
0.0797281 0.0271026 9.99551E-05 9.99551E-05 0.0225774 9.99551E-05 9.99551E-05 9.99551E-05 0.870092
9.9964E-05 0.730596 9.9964E-05 0.178011 0.0150833 0.0250795 9.9964E-05 0.0508301 9.9964E-05
0.0386215 0.0207764 9.99551E-05 9.99551E-05 9.99551E-05 0.900345 9.99551E-05 0.0397578 9.99551E-05
0.323337 9.9955E-05 9.9955E-05 0.42777 0.228815 0.0195778 9.9955E-05 9.9955E-05 9.9955E-05
9.993E-05 0.999201 9.993E-05 9.993E-05 9.993E-05 9.993E-05 9.993E-05 9.993E-05 9.993E-05
0.349981 9.99551E-05 0.465141 9.99551E-05 9.99551E-05 0.0372643 9.99551E-05 0.147114 9.99551E-05
9.993E-05 9.993E-05 9.993E-05 9.993E-05 9.993E-05 9.993E-05 0.999201 9.993E-05 9.993E-05
9.99372E-05 9.99372E-05 0.87878 9.99372E-05 9.99372E-05 9.99372E-05 0.120521 9.99372E-05 9.99372E-05
9.99462E-05 9.99462E-05 9.99462E-05 9.99462E-05 0.00681659 0.976121 9.99462E-05 9.99462E-05 0.016463
9.993E-05 9.993E-05 9.993E-05 9.993E-05 9.993E-05 0.999201 9.993E-05 9.993E-05 9.993E-05
9.9946E-05 0.103826 9.9946E-05 9.9946E-05 0.776757 0.118817 9.9946E-05 9.9946E-05 9.9946E-05
9.99462E-05 9.99462E-05 9.99462E-05 9.99462E-05 9.99462E-05 0.0128481 9.99462E-05 0.984985 0.00156735
9.9946E-05 0.723652 0.118117 9.9946E-05 9.9946E-05 9.9946E-05 0.157632 9.9946E-05 9.9946E-05
9.993E-05 9.993E-05 9.993E-05 9.993E-05 9.993E-05 9.993E-05 9.993E-05 0.127778 0.871523
9.9946E-05 9.9946E-05 0.323318 0.177608 9.9946E-05 9.9946E-05 9.9946E-05 0.498474 9.9946E-05
0.0426515 9.99461E-05 0.090236 9.99461E-05 9.99461E-05 9.99461E-05 9.99461E-05 0.866513 9.99461E-05
9.99551E-05 9.99551E-05 9.99551E-05 9.99551E-05 0.597214 0.186817 0.15583 0.0596391 9.99551E-05
9.9937E-05 0.0462269 0.953074 9.9937E-05 9.9937E-05 9.9937E-05 9.9937E-05 9.9937E-05 9.9937E-05
9.9946E-05 9.9946E-05 0.370046 9.9946E-05 9.9946E-05 9.9946E-05 0.193448 0.435906 9.9946E-05
9.99371E-05 9.99371E-05 0.25474 9.99371E-05 9.99371E-05 9.99371E-05 0.744561 9.99371E-05 9.99371E-05
9.993E-05 9.993E-05 9.993E-05 0.999201 9.993E-05 9.993E-05 9.993E-05 9.993E-05 9.993E-05
9.993E-05 9.993E-05 9.993E-05 9.993E-05 9.993E-05 0.999201 9.993E-05 9.993E-05 9.993E-05
0.999201 9.993E-05 9.993E-05 9.993E-05 9.993E-05 9.993E-05 9.993E-05 9.993E-05 9.993E-05
9.99461E-05 0.0812841 9.99461E-05 9.99461E-05 9.99461E-05 9.99461E-05 0.831799 9.99461E-05 0.0863173
9.99461E-05 9.99461E-05 9.99461E-05 0.412387 9.99461E-05 9.99461E-05 9.99461E-05 0.291239 0.295775
9.99461E-05 9.99461E-05 0.551308 9.99461E-05 9.99461E-05 9.99461E-05 9.99461E-05 0.204662 0.24343
0.999201 9.993E-05 9.993E-05 9.993E-05 9.993E-05 9.993E-05 9.993E-05 9.993E-05 9.993E-05
9.99551E-05 9.99551E-05 0.222256 0.686599 0.00565826 9.99551E-05 9.99551E-05 9.99551E-05 0.0849866
