9.99641E-05 0.0457085 0.0646509 0.656373 0.0113655 0.201395 0.0201068 9.99641E-05 9.99641E-05 9.99641E-05
0.00766712 0.0555371 9.99371E-05 0.936096 9.99371E-05 9.99371E-05 9.99371E-05 9.99371E-05 9.99371E-05 9.99371E-05
9.9937E-05 0.0164587 9.9937E-05 0.266349 9.9937E-05 0.716492 9.9937E-05 9.9937E-05 9.9937E-05 9.9937E-05
0.999101 9.99201E-05 9.99201E-05 9.99201E-05 9.99201E-05 9.99201E-05 9.99201E-05 9.99201E-05 9.99201E-05 9.99201E-05
0.00429323 9.9937E-05 9.9937E-05 9.9937E-05 9.9937E-05 0.0839646 0.911043 9.9937E-05 9.9937E-05 9.9937E-05
9.99371E-05 9.99371E-05 9.99371E-05 0.0225771 9.99371E-05 0.0951616 9.99371E-05 9.99371E-05 9.99371E-05 0.881562
0.133321 9.9955E-05 0.0275085 9.9955E-05 9.9955E-05 0.179179 9.9955E-05 0.551527 0.107965 9.9955E-05
9.99372E-05 9.99372E-05 9.99372E-05 0.904502 9.99372E-05 0.0456111 9.99372E-05 0.0491871 9.99372E-05 9.99372E-05
9.99282E-05 9.99282E-05 9.99282E-05 9.99282E-05 9.99282E-05 9.99282E-05 9.99282E-05 9.99282E-05 0.60018 0.399021
9.99281E-05 9.99281E-05 9.99281E-05 9.99281E-05 9.99281E-05 9.99281E-05 0.360815 0.638386 9.99281E-05 9.99281E-05
9.99201E-05 9.99201E-05 9.99201E-05 9.99201E-05 9.99201E-05 9.99201E-05 9.99201E-05 0.999101 9.99201E-05 9.99201E-05
0.00133177 9.99371E-05 9.99371E-05 0.877572 9.99371E-05 9.99371E-05 9.99371E-05 9.99371E-05 9.99371E-05 0.120397
9.9964E-05 9.9964E-05 0.175163 0.057913 0.103507 9.9964E-05 0.172589 0.227879 0.262548 9.9964E-05
9.99201E-05 9.99201E-05 0.999101 9.99201E-05 9.99201E-05 9.99201E-05 9.99201E-05 9.99201E-05 9.99201E-05 9.99201E-05
9.99201E-05 9.99201E-05 9.99201E-05 9.99201E-05 9.99201E-05 9.99201E-05 0.999101 9.99201E-05 9.99201E-05 9.99201E-05
9.99201E-05 9.99201E-05 9.99201E-05 9.99201E-05 9.99201E-05 9.99201E-05 9.99201E-05 9.99201E-05 0.999101 9.99201E-05
0.32851 9.99371E-05 9.99371E-05 0.547975 9.99371E-05 9.99371E-05 9.99371E-05 9.99371E-05 9.99371E-05 0.122816
9.9964E-05 9.9964E-05 9.9964E-05 0.00807064 9.9964E-05 0.046092 0.0858739 0.163103 0.614931 0.0815289
9.99281E-05 9.99281E-05 9.99281E-05 0.00729787 9.99281E-05 9.99281E-05 9.99281E-05 9.99281E-05 9.99281E-05 0.991903
9.99201E-05 0.999101 9.99201E-05 9.99201E-05 9.99201E-05 9.99201E-05 9.99201E-05 9.99201E-05 9.99201E-05 9.99201E-05
9.99462E-05 0.938244 9.99462E-05 0.00403222 9.99462E-05 0.0197896 9.99462E-05 9.99462E-05 9.99462E-05 0.0373347
0.00410584 9.99462E-05 9.99462E-05 0.13902 9.99462E-05 9.99462E-05 9.99462E-05 9.99462E-05 0.564429 0.291846
9.99371E-05 0.0319247 9.99371E-05 9.99371E-05 9.99371E-05 9.99371E-05 0.123457 9.99371E-05 0.843919 9.99371E-05
0.702688 0.239515 9.99461E-05 9.99461E-05 9.99461E-05 0.0290366 9.99461E-05 0.0281609 9.99461E-05 9.99461E-05
9.99281E-05 9.99281E-05 9.99281E-05 9.99281E-05 9.99281E-05 0.949126 9.99281E-05 9.99281E-05 9.99281E-05 0.0500749
9.99371E-05 9.99371E-05 9.99371E-05 9.99371E-05 0.0180868 9.99371E-05 0.736954 9.99371E-05 0.244259 9.99371E-05
0.974023 9.99281E-05 0.0251777 9.99281E-05 9.99281E-05 9.99281E-05 9.99281E-05 9.99281E-05 9.99281E-05 9.99281E-05
0.116471 9.99641E-05 0.20973 9.99641E-05 0.0151909 9.99641E-05 0.0285437 9.99641E-05 0.215923 0.413742
9.99284E-05 9.99284E-05 9.99284E-05 0.983727 9.99284E-05 9.99284E-05 9.99284E-05 9.99284E-05 0.0154738 9.99284E-05
0.0209548 9.99552E-05 0.111393 0.152107 0.0144837 9.99552E-05 9.99552E-05 9.99552E-05 9.99552E-05 0.700562
9.99371E-05 9.99371E-05 0.130507 9.99371E-05 9.99371E-05 0.531965 9.99371E-05 0.336828 9.99371E-05 9.99371E-05
9.99282E-05 9.99282E-05 0.035208 9.99282E-05 9.99282E-05 0.963993 9.99282E-05 9.99282E-05 9.99282E-05 9.99282E-05
9.99371E-05 9.99371E-05 9.99371E-05 9.99371E-05 0.00141148 9.99371E-05 0.00798764 0.989901 9.99371E-05 9.99371E-05
9.99371E-05 9.99371E-05 9.99371E-05 9.99371E-05 9.99371E-05 0.099621 9.99371E-05 9.99371E-05 0.0751661 0.824513
0.742707 9.9937E-05 9.9937E-05 0.219113 9.9937E-05 9.9937E-05 9.9937E-05 9.9937E-05 9.9937E-05 0.0374803
9.99371E-05 0.289001 9.99371E-05 0.0181761 9.99371E-05 9.99371E-05 9.99371E-05 9.99371E-05 0.692123 9.99371E-05
9.99372E-05 0.177649 9.99372E-05 9.99372E-05 9.99372E-05 9.99372E-05 9.99372E-05 9.99372E-05 0.00297415 0.818677
9.99551E-05 9.99551E-05 0.0577003 9.99551E-05 0.00900527 0.00805422 9.99551E-05 9.99551E-05 0.15355 0.771191
9.99461E-05 9.99461E-05 9.99461E-05 0.196766 0.0163621 9.99461E-05 9.99461E-05 0.739484 9.99461E-05 0.0467888
0.0908206 9.99372E-05 9.99372E-05 9.99372E-05 9.99372E-05 9.99372E-05 0.0480534 9.99372E-05 9.99372E-05 0.860426
9.99281E-05 9.99281E-05 9.99281E-05 0.152941 9.99281E-05 9.99281E-05 9.99281E-05 9.99281E-05 9.99281E-05 0.846259
9.99281E-05 9.99281E-05 9.99281E-05 0.788459 9.99281E-05 9.99281E-05 9.99281E-05 9.99281E-05 9.99281E-05 0.210741
9.99282E-05 0.975419 9.99282E-05 9.99282E-05 9.99282E-05 9.99282E-05 0.0237818 9.99282E-05 9.99282E-05 9.99282E-05
9.99281E-05 9.99281E-05 0.0755224 9.99281E-05 9.99281E-05 0.923678 9.99281E-05 9.99281E-05 9.99281E-05 9.99281E-05
9.99462E-05 0.214946 0.0142533 9.99462E-05 0.0798308 9.99462E-05 0.69037 9.99462E-05 9.99462E-05 9.99462E-05
0.17015 9.99371E-05 9.99371E-05 0.786944 9.99371E-05 9.99371E-05 9.99371E-05 9.99371E-05 0.0422062 9.99371E-05
9.9946E-05 0.432504 9.9946E-05 9.9946E-05 0.0379705 9.9946E-05 9.9946E-05 9.9946E-05 0.351678 0.177248
9.99282E-05 9.99282E-05 9.99282E-05 9.99282E-05 9.99282E-05 9.99282E-05 9.99282E-05 9.99282E-05 0.306459 0.692741
9.99201E-05 9.99201E-05 9.99201E-05 9.99201E-05 0.999101 9.99201E-05 9.99201E-05 9.99201E-05 9.99201E-05 9.99201E-05
9.993E-05 0.706235 9.993E-05 9.993E-05 9.993E-05 9.993E-05 9.993E-05 0.0639248 9.993E-05 0.229141
