0.0252096 9.99641E-05 9.99641E-05 0.67948 9.99641E-05 0.0579835 9.99641E-05 0.236927
0.100709 9.9955E-05 9.9955E-05 0.789564 9.9955E-05 9.9955E-05 0.109227 9.9955E-05
0.0476409 9.9955E-05 9.9955E-05 0.338267 9.9955E-05 9.9955E-05 9.9955E-05 0.613592
9.99551E-05 0.0445941 0.0217422 9.99551E-05 9.99551E-05 9.99551E-05 0.933164 9.99551E-05
9.9955E-05 9.9955E-05 9.9955E-05 9.9955E-05 0.0426514 0.865104 9.9955E-05 0.0917448
9.9946E-05 9.9946E-05 0.868814 9.9946E-05 9.9946E-05 9.9946E-05 9.9946E-05 0.130587
9.9964E-05 0.161435 9.9964E-05 9.9964E-05 0.521014 9.9964E-05 0.051682 0.265469
9.99462E-05 9.99462E-05 9.99462E-05 0.921361 9.99462E-05 9.99462E-05 9.99462E-05 0.0780397
0.048706 0.499687 0.451107 9.99551E-05 9.99551E-05 9.99551E-05 9.99551E-05 9.99551E-05
9.99461E-05 9.99461E-05 9.99461E-05 9.99461E-05 0.688961 0.31044 9.99461E-05 9.99461E-05
9.994E-05 9.994E-05 9.994E-05 9.994E-05 0.9993 9.994E-05 9.994E-05 9.994E-05
9.9946E-05 9.9946E-05 0.110092 0.889309 9.9946E-05 9.9946E-05 9.9946E-05 9.9946E-05
9.9982E-05 0.344158 9.9982E-05 0.043375 0.21335 0.256979 0.0246619 0.117277
9.99641E-05 9.99641E-05 9.99641E-05 9.99641E-05 0.0244096 0.118686 0.201846 0.654658
9.994E-05 9.994E-05 9.994E-05 9.994E-05 9.994E-05 0.9993 9.994E-05 9.994E-05
9.994E-05 0.9993 9.994E-05 9.994E-05 9.994E-05 9.994E-05 9.994E-05 9.994E-05
9.99551E-05 9.99551E-05 0.114005 0.757178 9.99551E-05 9.99551E-05 0.128318 9.99551E-05
9.9964E-05 0.618085 0.0896819 9.9964E-05 0.278616 0.0132175 9.9964E-05 9.9964E-05
9.99461E-05 9.99461E-05 0.97938 0.0200201 9.99461E-05 9.99461E-05 9.99461E-05 9.99461E-05
0.9993 9.994E-05 9.994E-05 9.994E-05 9.994E-05 9.994E-05 9.994E-05 9.994E-05
0.935834 0.0635666 9.99462E-05 9.99462E-05 9.99462E-05 9.99462E-05 9.99462E-05 9.99462E-05
9.99551E-05 0.529228 0.324026 0.146247 9.99551E-05 9.99551E-05 9.99551E-05 9.99551E-05
9.99461E-05 0.939304 9.99461E-05 9.99461E-05 9.99461E-05 0.0600966 9.99461E-05 9.99461E-05
0.218081 9.9955E-05 9.9955E-05 9.9955E-05 0.107296 9.9955E-05 0.674123 9.9955E-05
9.99551E-05 9.99551E-05 0.0619823 9.99551E-05 9.99551E-05 0.00803923 9.99551E-05 0.929479
9.99461E-05 0.16911 9.99461E-05 9.99461E-05 9.99461E-05 0.830291 9.99461E-05 9.99461E-05
9.99461E-05 9.99461E-05 9.99461E-05 9.99461E-05 9.99461E-05 9.99461E-05 0.997444 0.00195675
9.99731E-05 9.99731E-05 0.549143 9.99731E-05 0.00530564 0.318224 0.114204 0.0128234
9.994E-05 9.994E-05 9.994E-05 0.9993 9.994E-05 9.994E-05 9.994E-05 9.994E-05
9.99641E-05 9.99641E-05 0.73531 0.220761 0.0387105 9.99641E-05 0.00481879 9.99641E-05
9.99461E-05 9.99461E-05 9.99461E-05 9.99461E-05 0.250757 9.99461E-05 9.99461E-05 0.748644
9.994E-05 9.994E-05 9.994E-05 9.994E-05 9.994E-05 9.994E-05 9.994E-05 0.9993
9.9946E-05 9.9946E-05 9.9946E-05 9.9946E-05 0.854634 0.144766 9.9946E-05 9.9946E-05
9.995E-05 0.0976615 0.804627 9.995E-05 9.995E-05 9.995E-05 9.995E-05 0.0972118
9.99551E-05 9.99551E-05 0.0635288 0.0473065 9.99551E-05 9.99551E-05 0.888665 9.99551E-05
0.317181 0.642875 9.9964E-05 0.0249302 9.9964E-05 9.9964E-05 9.9964E-05 0.0146144
0.278752 0.0303932 0.690355 9.9955E-05 9.9955E-05 9.9955E-05 9.9955E-05 9.9955E-05
9.9955E-05 0.0634246 0.86373 9.9955E-05 0.0723456 9.9955E-05 9.9955E-05 9.9955E-05
9.99551E-05 9.99551E-05 0.0872964 0.0359068 0.876297 9.99551E-05 9.99551E-05 9.99551E-05
9.99552E-05 9.99552E-05 0.867825 9.99552E-05 9.99552E-05 0.0614337 0.0702419 9.99552E-05
9.99461E-05 9.99461E-05 0.888641 0.11076 9.99461E-05 9.99461E-05 9.99461E-05 9.99461E-05
9.99461E-05 9.99461E-05 0.184519 0.814881 9.99461E-05 9.99461E-05 9.99461E-05 9.99461E-05
0.854488 9.99462E-05 9.99462E-05 9.99462E-05 9.99462E-05 0.144913 9.99462E-05 9.99462E-05
9.994E-05 9.994E-05 9.994E-05 9.994E-05 9.994E-05 9.994E-05 9.994E-05 0.9993
9.994E-05 9.994E-05 9.994E-05 9.994E-05 9.994E-05 0.9993 9.994E-05 9.994E-05
9.99461E-05 9.99461E-05 9.99461E-05 0.773855 9.99461E-05 9.99461E-05 0.225545 9.99461E-05
0.742006 0.141304 0.116191 9.99551E-05 9.99551E-05 9.99551E-05 9.99551E-05 9.99551E-05
9.99462E-05 0.220243 0.779157 9.99462E-05 9.99462E-05 9.99462E-05 9.99462E-05 9.99462E-05
0.299119 9.99641E-05 9.99641E-05 0.0108384 9.99641E-05 0.620484 0.0691585 9.99641E-05
0.950033 9.99461E-05 0.0493675 9.99461E-05 9.99461E-05 9.99461E-05 9.99461E-05 9.99461E-05
