0.0149808 9.9973E-05 9.9973E-05 0.174414 0.041909 0.000188263 0.768208 9.9973E-05
9.9946E-05 9.9946E-05 9.9946E-05 9.9946E-05 9.9946E-05 0.123615 0.875786 9.9946E-05
0.0708954 9.99551E-05 9.99551E-05 0.652353 9.99551E-05 9.99551E-05 0.276252 9.99551E-05
9.994E-05 9.994E-05 9.994E-05 9.994E-05 9.994E-05 0.9993 9.994E-05 9.994E-05
9.9964E-05 9.9964E-05 0.178287 0.0811126 0.6431 0.0971006 9.9964E-05 9.9964E-05
9.9955E-05 9.9955E-05 9.9955E-05 0.0280107 9.9955E-05 9.9955E-05 0.207601 0.763888
9.9964E-05 0.0350907 0.724163 0.0431339 9.9964E-05 0.197212 9.9964E-05 9.9964E-05
0.553758 9.99641E-05 0.0426421 0.0293694 9.99641E-05 9.99641E-05 0.37383 9.99641E-05
9.99461E-05 0.454961 9.99461E-05 9.99461E-05 9.99461E-05 9.99461E-05 9.99461E-05 0.544439
9.9946E-05 9.9946E-05 0.810842 9.9946E-05 0.188558 9.9946E-05 9.9946E-05 9.9946E-05
9.994E-05 9.994E-05 0.9993 9.994E-05 9.994E-05 9.994E-05 9.994E-05 9.994E-05
0.832654 9.9955E-05 9.9955E-05 9.9955E-05 9.9955E-05 9.9955E-05 0.164742 0.0021046
9.997E-05 9.997E-05 0.0702411 0.0685471 0.726029 9.997E-05 0.0607564 0.0741269
9.99552E-05 9.99552E-05 0.273817 0.292964 9.99552E-05 0.432719 9.99552E-05 9.99552E-05
9.99461E-05 9.99461E-05 0.144074 9.99461E-05 0.855326 9.99461E-05 9.99461E-05 9.99461E-05
0.00551956 0.883204 9.99551E-05 0.110777 9.99551E-05 9.99551E-05 9.99551E-05 9.99551E-05
0.995477 9.99461E-05 9.99461E-05 0.00392318 9.99461E-05 9.99461E-05 9.99461E-05 9.99461E-05
9.9955E-05 0.318706 0.488553 9.9955E-05 9.9955E-05 9.9955E-05 9.9955E-05 0.192242
0.00554416 9.9964E-05 9.9964E-05 9.9964E-05 9.9964E-05 0.00670967 0.0907353 0.896611
9.99551E-05 0.945629 9.99551E-05 9.99551E-05 0.00707016 0.0468012 9.99551E-05 9.99551E-05
0.0556439 0.838266 9.99641E-05 9.99641E-05 0.0794788 0.0262118 9.99641E-05 9.99641E-05
0.357455 0.50209 9.99551E-05 9.99551E-05 9.99551E-05 9.99551E-05 9.99551E-05 0.139956
9.99641E-05 0.750222 0.017767 0.0395185 0.192093 9.99641E-05 9.99641E-05 9.99641E-05
0.0155405 0.170344 0.0630027 9.9964E-05 9.9964E-05 0.750713 9.9964E-05 9.9964E-05
9.99461E-05 9.99461E-05 9.99461E-05 0.96687 9.99461E-05 9.99461E-05 9.99461E-05 0.0325299
9.9955E-05 0.195686 9.9955E-05 0.0473025 0.756512 9.9955E-05 9.9955E-05 9.9955E-05
9.994E-05 9.994E-05 9.994E-05 0.0460478 9.994E-05 0.953353 9.994E-05 9.994E-05
0.0696192 9.99641E-05 9.99641E-05 9.99641E-05 0.414868 0.101577 9.99641E-05 0.413537
9.994E-05 9.994E-05 9.994E-05 9.994E-05 9.994E-05 9.994E-05 0.9993 9.994E-05
0.461538 9.99552E-05 9.99552E-05 9.99552E-05 0.00224209 9.99552E-05 9.99552E-05 0.53572
0.00194121 9.99641E-05 0.389801 0.558238 9.99641E-05 9.99641E-05 0.0496198 9.99641E-05
9.994E-05 9.994E-05 9.994E-05 0.9993 9.994E-05 9.994E-05 9.994E-05 9.994E-05
9.9946E-05 9.9946E-05 0.904643 9.9946E-05 0.0947572 9.9946E-05 9.9946E-05 9.9946E-05
9.99461E-05 9.99461E-05 9.99461E-05 0.0914556 9.99461E-05 9.99461E-05 9.99461E-05 0.907945
0.483081 9.9946E-05 9.9946E-05 9.9946E-05 9.9946E-05 0.51632 9.9946E-05 9.9946E-05
9.9946E-05 0.940285 9.9946E-05 9.9946E-05 9.9946E-05 9.9946E-05 0.059115 9.9946E-05
9.99551E-05 0.136335 9.99551E-05 9.99551E-05 9.99551E-05 9.99551E-05 0.00407339 0.859092
9.99641E-05 9.99641E-05 9.99641E-05 0.0559515 9.99641E-05 0.0108986 0.00127977 0.93147
9.996E-05 9.996E-05 0.755623 0.0340161 9.996E-05 9.996E-05 0.112784 0.0971768
0.0915756 9.99551E-05 9.99551E-05 9.99551E-05 9.99551E-05 0.187246 9.99551E-05 0.720679
0.447645 9.9946E-05 9.9946E-05 9.9946E-05 9.9946E-05 9.9946E-05 9.9946E-05 0.551755
0.9993 9.994E-05 9.994E-05 9.994E-05 9.994E-05 9.994E-05 9.994E-05 9.994E-05
9.99462E-05 0.827104 9.99462E-05 9.99462E-05 0.172296 9.99462E-05 9.99462E-05 9.99462E-05
9.99461E-05 9.99461E-05 9.99461E-05 0.986903 9.99461E-05 9.99461E-05 9.99461E-05 0.0124975
9.994E-05 9.994E-05 9.994E-05 9.994E-05 0.9993 9.994E-05 9.994E-05 9.994E-05
0.648969 9.99551E-05 9.99551E-05 9.99551E-05 9.99551E-05 0.0162736 0.334258 9.99551E-05
9.9955E-05 0.752658 9.9955E-05 9.9955E-05 9.9955E-05 9.9955E-05 0.0343472 0.212495
9.99552E-05 0.098973 9.99552E-05 9.99552E-05 0.0255134 9.99552E-05 9.99552E-05 0.875014
0.116769 9.99462E-05 9.99462E-05 9.99462E-05 0.882631 9.99462E-05 9.99462E-05 9.99462E-05
0.0592475 0.774056 0.0413282 9.99641E-05 9.99641E-05 9.99641E-05 9.99641E-05 0.124969
